Time 	 Epidemic 	 Message
5	0
10	0
15	0
20	0
25	0
30	0
35	0
40	0
45	0
50	0
55	0
60	0
65	0
70	0
75	0
80	0
85	0
90	0
95	0
100	0
105	0
110	0
115	0
120	0
125	0
130	0
135	0
140	0
145	0
150	0
155	0
160	0
165	0
170	0
175	0
180	0
185	0
190	0
195	0
200	0
205	0
210	0
215	0
220	0
225	0
230	0
235	0
240	0
245	0
250	0
255	0
260	1
265	1
270	1
275	1
280	1
285	1
290	1
295	2
300	2
305	2
310	3
315	3
320	3
325	3
330	3
335	3
340	3
345	3
350	3
355	3
360	3
365	3
370	3
375	3
380	3
385	3
390	4
395	4
400	4
405	4
410	4
415	4
420	4
425	4
430	4
435	4
440	4
445	4
450	4
455	4
460	4
465	4
470	4
475	4
480	4
485	4
490	5
495	6
500	6
505	6
510	6
515	6
520	6
525	6
530	6
535	6
540	6
545	6
550	6
555	6
560	6
565	6
570	6
575	6
580	6
585	6
590	6
595	6
600	6
605	6
610	6
615	6
620	6
625	6
630	6
635	6
640	6
645	6
650	6
655	6
660	6
665	6
670	6
675	6
680	6
685	6
690	7
695	7
700	7
705	7
710	7
715	7
720	7
725	7
730	7
735	7
740	7
745	7
750	7
755	7
760	7
765	7
770	7
775	7
780	7
785	7
790	7
795	8
800	8
805	8
810	8
815	8
820	8
825	8
830	8
835	8
840	8
845	8
850	8
855	8
860	8
865	8
870	8
875	8
880	8
885	8
890	8
895	8
900	8
905	8
910	8
915	8
920	8
925	8
930	8
935	8
940	8
945	8
950	8
955	8
960	8
965	8
970	8
975	8
980	8
985	8
990	8
995	8
1000	8
1005	8
1010	8
1015	8
1020	9
1025	9
1030	9
1035	9
1040	10
1045	10
1050	10
1055	10
1060	10
1065	10
1070	10
1075	10
1080	10
1085	10
1090	10
1095	10
1100	10
1105	10
1110	10
1115	10
1120	10
1125	10
1130	10
1135	10
1140	10
1145	10
1150	11
1155	12
1160	12
1165	12
1170	12
1175	12
1180	12
1185	12
1190	12
1195	12
1200	12
1205	12
1210	12
1215	12
1220	12
1225	12
1230	12
1235	12
1240	12
1245	12
1250	12
1255	12
1260	12
1265	12
1270	12
1275	12
1280	12
1285	12
1290	12
1295	12
1300	12
1305	12
1310	12
1315	12
1320	12
1325	12
1330	12
1335	12
1340	12
1345	12
1350	12
1355	12
1360	12
1365	12
1370	12
1375	12
1380	12
1385	12
1390	12
1395	12
1400	12
1405	12
1410	12
1415	12
1420	12
1425	12
1430	12
1435	12
1440	12
1445	12
1450	12
1455	12
1460	12
1465	12
1470	12
1475	12
1480	12
1485	12
1490	14
1495	15
1500	16
1505	17
1510	17
1515	17
1520	17
1525	17
1530	17
1535	17
1540	17
1545	17
1550	17
1555	17
1560	17
1565	17
1570	17
1575	17
1580	17
1585	17
1590	17
1595	17
1600	17
1605	17
1610	17
1615	17
1620	17
1625	17
1630	17
1635	18
1640	18
1645	18
1650	18
1655	18
1660	18
1665	18
1670	18
1675	18
1680	18
1685	18
1690	18
1695	18
1700	18
1705	18
1710	18
1715	18
1720	18
1725	18
1730	18
1735	20
1740	20
1745	20
1750	20
1755	20
1760	20
1765	20
1770	20
1775	20
1780	20
1785	20
1790	20
1795	20
1800	20
1805	20
1810	20
1815	20
1820	20
1825	20
1830	20
1835	20
1840	20
1845	20
1850	20
1855	20
1860	20
1865	20
1870	20
1875	21
1880	21
1885	21
1890	21
1895	21
1900	21
1905	21
1910	22
1915	22
1920	22
1925	22
1930	22
1935	22
1940	22
1945	22
1950	22
1955	22
1960	22
1965	22
1970	22
1975	22
1980	22
1985	22
1990	22
1995	22
2000	22
2005	22
2010	22
2015	22
2020	22
2025	22
2030	22
2035	22
2040	22
2045	22
2050	22
2055	22
2060	22
2065	22
2070	22
2075	22
2080	22
2085	22
2090	22
2095	22
2100	22
2105	22
2110	22
2115	22
2120	22
2125	22
2130	22
2135	22
2140	22
2145	22
2150	22
2155	22
2160	22
2165	22
2170	22
2175	22
2180	22
2185	22
2190	22
2195	22
2200	22
2205	22
2210	22
2215	22
2220	22
2225	22
2230	22
2235	22
2240	22
2245	22
2250	22
2255	22
2260	22
2265	22
2270	22
2275	22
2280	22
2285	22
2290	22
2295	22
2300	22
2305	23
2310	23
2315	23
2320	24
2325	24
2330	24
2335	24
2340	24
2345	24
2350	24
2355	25
2360	25
2365	26
2370	26
2375	26
2380	26
2385	27
2390	27
2395	27
2400	27
2405	27
2410	27
2415	27
2420	27
2425	27
2430	27
2435	27
2440	27
2445	27
2450	27
2455	27
2460	27
2465	27
2470	27
2475	27
2480	27
2485	27
2490	27
2495	27
2500	27
2505	27
2510	27
2515	27
2520	27
2525	28
2530	29
2535	29
2540	29
2545	29
2550	29
2555	29
2560	29
2565	29
2570	29
2575	29
2580	30
2585	32
2590	32
2595	32
2600	32
2605	32
2610	32
2615	32
2620	32
2625	32
2630	32
2635	32
2640	32
2645	32
2650	32
2655	32
2660	33
2665	33
2670	33
2675	33
2680	33
2685	33
2690	33
2695	34
2700	34
2705	34
2710	34
2715	34
2720	34
2725	34
2730	34
2735	34
2740	34
2745	35
2750	35
2755	35
2760	35
2765	35
2770	35
2775	35
2780	35
2785	35
2790	35
2795	35
2800	35
2805	35
2810	35
2815	35
2820	35
2825	35
2830	35
2835	35
2840	35
2845	35
2850	35
2855	35
2860	35
2865	35
2870	35
2875	35
2880	35
2885	35
2890	35
2895	36
2900	38
2905	38
2910	38
2915	38
2920	38
2925	38
2930	38
2935	38
2940	38
2945	39
2950	39
2955	39
2960	39
2965	39
2970	39
2975	39
2980	39
2985	39
2990	39
2995	39
3000	39
3005	39
3010	39
3015	39
3020	40
3025	40
3030	40
3035	40
3040	40
3045	40
3050	40
3055	40
3060	40
3065	40
3070	40
3075	40
3080	40
3085	40
3090	42
3095	44
3100	45
3105	45
3110	45
3115	45
3120	45
3125	45
3130	47
3135	49
3140	50
3145	50
3150	50
3155	50
3160	50
3165	50
3170	50
3175	50
3180	50
3185	50
3190	50
3195	50
3200	51
3205	52
3210	52
3215	52
3220	52
3225	52
3230	52
3235	52
3240	52
3245	52
3250	52
3255	52
3260	52
3265	52
3270	52
3275	52
3280	52
3285	52
3290	52
3295	52
3300	52
3305	52
3310	52
3315	53
3320	53
3325	53
3330	53
3335	54
3340	54
3345	54
3350	54
3355	54
3360	54
3365	54
3370	54
3375	54
3380	54
3385	54
3390	54
3395	54
3400	54
3405	54
3410	54
3415	54
3420	54
3425	54
3430	54
3435	54
3440	54
3445	54
3450	54
3455	54
3460	54
3465	54
3470	54
3475	54
3480	54
3485	54
3490	54
3495	54
3500	54
3505	54
3510	55
3515	55
3520	55
3525	55
3530	55
3535	55
3540	55
3545	55
3550	55
3555	55
3560	55
3565	55
3570	55
3575	55
3580	55
3585	55
3590	55
3595	55
3600	55
3605	55
3610	57
3615	60
3620	60
3625	60
3630	60
3635	60
3640	60
3645	60
3650	60
3655	60
3660	60
3665	61
3670	61
3675	61
3680	61
3685	61
3690	61
3695	61
3700	61
3705	62
3710	62
3715	62
3720	62
3725	62
3730	63
3735	63
3740	63
3745	63
3750	63
3755	63
3760	63
3765	63
3770	63
3775	63
3780	63
3785	63
3790	63
3795	63
3800	63
3805	63
3810	65
3815	66
3820	66
3825	66
3830	66
3835	66
3840	66
3845	66
3850	66
3855	66
3860	66
3865	66
3870	66
3875	66
3880	66
3885	66
3890	66
3895	66
3900	66
3905	66
3910	66
3915	66
3920	66
3925	66
3930	67
3935	67
3940	67
3945	67
3950	67
3955	67
3960	67
3965	67
3970	67
3975	68
3980	69
3985	69
3990	69
3995	69
4000	69
4005	69
4010	69
4015	69
4020	69
4025	69
4030	69
4035	71
4040	72
4045	72
4050	72
4055	72
4060	72
4065	72
4070	72
4075	72
4080	72
4085	72
4090	72
4095	72
4100	72
4105	74
4110	76
4115	77
4120	78
4125	79
4130	79
4135	79
4140	79
4145	79
4150	79
4155	82
4160	83
4165	83
4170	83
4175	83
4180	83
4185	83
4190	83
4195	83
4200	83
4205	83
4210	84
4215	85
4220	85
4225	85
4230	85
4235	85
4240	85
4245	85
4250	85
4255	86
4260	86
4265	86
4270	86
4275	86
4280	86
4285	86
4290	86
4295	87
4300	88
4305	89
4310	89
4315	89
4320	89
4325	89
4330	89
4335	89
4340	89
4345	89
4350	89
4355	89
4360	89
4365	89
4370	89
4375	89
4380	89
4385	89
4390	89
4395	89
4400	89
4405	89
4410	89
4415	89
4420	89
4425	90
4430	90
4435	90
4440	90
4445	90
4450	90
4455	90
4460	92
4465	92
4470	92
4475	92
4480	92
4485	92
4490	92
4495	92
4500	92
4505	92
4510	92
4515	92
4520	92
4525	92
4530	92
4535	92
4540	92
4545	93
4550	93
4555	93
4560	93
4565	93
4570	94
4575	95
4580	96
4585	96
4590	96
4595	96
4600	96
4605	96
4610	96
4615	96
4620	96
4625	96
4630	96
4635	97
4640	98
4645	98
4650	98
4655	98
4660	98
4665	98
4670	98
4675	98
4680	98
4685	98
4690	98
4695	98
4700	98
4705	98
4710	98
4715	98
4720	99
4725	99
4730	99
4735	99
4740	99
4745	99
4750	99
4755	99
4760	99
4765	99
4770	100
4775	100
4780	100
4785	100
4790	100
4795	100
4800	100
4805	100
4810	101
4815	103
4820	103
4825	103
4830	103
4835	103
4840	103
4845	103
4850	103
4855	103
4860	103
4865	103
4870	103
4875	103
4880	103
4885	103
4890	103
4895	103
4900	103
4905	104
4910	105
4915	105
4920	105
4925	105
4930	105
4935	105
4940	105
4945	105
4950	105
4955	105
4960	105
4965	107
4970	108
4975	110
4980	111
4985	111
4990	111
4995	111
5000	111
5005	111
5010	111
5015	111
5020	111
5025	111
5030	111
5035	111
5040	111
5045	111
5050	111
5055	112
5060	114
5065	115
5070	116
5075	117
5080	117
5085	117
5090	117
5095	117
5100	117
5105	117
5110	117
5115	117
5120	117
5125	117
5130	119
5135	119
5140	119
5145	119
5150	119
5155	120
5160	121
5165	121
5170	121
5175	121
5180	121
5185	121
5190	122
5195	123
5200	124
5205	124
5210	125
5215	125
5220	125
5225	125
5230	125
5235	125
5240	125
5245	127
5250	128
5255	130
5260	131
5265	132
5270	132
5275	132
5280	132
5285	132
5290	132
5295	132
5300	132
5305	132
5310	132
5315	132
5320	132
5325	132
5330	132
5335	133
5340	134
5345	135
5350	135
5355	136
5360	137
5365	137
5370	137
5375	137
5380	137
5385	139
5390	142
5395	143
5400	145
5405	149
5410	154
5415	155
5420	155
5425	156
5430	156
5435	156
5440	156
5445	156
5450	156
5455	156
5460	156
5465	156
5470	156
5475	156
5480	156
5485	156
5490	156
5495	157
5500	158
5505	158
5510	158
5515	158
5520	158
5525	158
5530	158
5535	158
5540	158
5545	158
5550	158
5555	158
5560	158
5565	158
5570	158
5575	158
5580	160
5585	160
5590	160
5595	160
5600	161
5605	162
5610	162
5615	163
5620	163
5625	164
5630	164
5635	164
5640	165
5645	166
5650	168
5655	169
5660	169
5665	169
5670	169
5675	169
5680	169
5685	169
5690	169
5695	170
5700	170
5705	170
5710	170
5715	170
5720	170
5725	170
5730	170
5735	170
5740	170
5745	170
5750	170
5755	170
5760	170
5765	170
5770	172
5775	173
5780	174
5785	174
5790	175
5795	175
5800	175
5805	175
5810	175
5815	175
5820	175
5825	175
5830	175
5835	175
5840	175
5845	175
5850	175
5855	175
5860	175
5865	175
5870	176
5875	178
5880	178
5885	178
5890	178
5895	179
5900	180
5905	180
5910	180
5915	180
5920	180
5925	180
5930	180
5935	180
5940	180
5945	180
5950	180
5955	180
5960	180
5965	180
5970	182
5975	182
5980	182
5985	182
5990	182
5995	182
6000	182
6005	183
6010	184
6015	185
6020	185
6025	185
6030	185
6035	185
6040	185
6045	185
6050	186
6055	186
6060	186
6065	186
6070	186
6075	186
6080	186
6085	186
6090	186
6095	187
6100	187
6105	187
6110	187
6115	187
6120	188
6125	189
6130	190
6135	190
6140	190
6145	190
6150	190
6155	190
6160	190
6165	191
6170	193
6175	193
6180	193
6185	193
6190	193
6195	193
6200	193
6205	193
6210	193
6215	193
6220	193
6225	194
6230	194
6235	194
6240	194
6245	195
6250	195
6255	195
6260	195
6265	195
6270	195
6275	195
6280	195
6285	195
6290	195
6295	195
6300	195
6305	195
6310	195
6315	195
6320	195
6325	196
6330	197
6335	197
6340	197
6345	199
6350	199
6355	199
6360	199
6365	199
6370	199
6375	199
6380	199
6385	199
6390	199
6395	199
6400	199
6405	199
6410	199
6415	199
6420	199
6425	200
6430	200
6435	200
6440	200
6445	200
6450	200
6455	200
6460	200
6465	200
6470	200
6475	200
6480	200
6485	200
6490	200
6495	200
6500	200
6505	200
6510	200
6515	200
6520	200
6525	200
6530	200
6535	200
6540	200
6545	200
6550	200
6555	200
6560	200
6565	201
6570	201
6575	201
6580	201
6585	201
6590	201
6595	201
6600	203
6605	203
6610	203
6615	203
6620	203
6625	204
6630	204
6635	204
6640	204
6645	204
6650	204
6655	204
6660	204
6665	204
6670	204
6675	205
6680	205
6685	205
6690	205
6695	205
6700	205
6705	205
6710	205
6715	205
6720	205
6725	205
6730	205
6735	205
6740	205
6745	205
6750	205
6755	205
6760	205
6765	205
6770	205
6775	205
6780	205
6785	205
6790	206
6795	206
6800	206
6805	206
6810	206
6815	206
6820	206
6825	206
6830	206
6835	206
6840	206
6845	206
6850	206
6855	206
6860	206
6865	207
6870	208
6875	209
6880	210
6885	212
6890	213
6895	213
6900	213
6905	213
6910	213
6915	214
6920	215
6925	215
6930	215
6935	215
6940	215
6945	215
6950	215
6955	215
6960	215
6965	217
6970	217
6975	217
6980	217
6985	217
6990	217
6995	217
7000	217
7005	219
7010	220
7015	220
7020	220
7025	220
7030	220
7035	220
7040	220
7045	220
7050	220
7055	220
7060	220
7065	220
7070	220
7075	220
7080	220
7085	220
7090	220
7095	222
7100	226
7105	229
7110	229
7115	229
7120	229
7125	231
7130	232
7135	234
7140	235
7145	235
7150	235
7155	235
7160	235
7165	235
7170	235
7175	235
7180	235
7185	236
7190	237
7195	239
7200	240
7205	241
7210	241
7215	241
7220	241
7225	241
7230	241
7235	241
7240	241
7245	241
7250	241
7255	241
7260	241
7265	241
7270	241
7275	241
7280	241
7285	241
7290	241
7295	241
7300	241
7305	241
7310	241
7315	241
7320	241
7325	241
7330	241
7335	241
7340	241
7345	241
7350	241
7355	241
7360	241
7365	241
7370	241
7375	241
7380	241
7385	241
7390	241
7395	241
7400	241
7405	241
7410	241
7415	241
7420	241
7425	241
7430	241
7435	241
7440	241
7445	241
7450	242
7455	242
7460	242
7465	242
7470	242
7475	242
7480	242
7485	242
7490	242
7495	242
7500	242
7505	243
7510	245
7515	246
7520	246
7525	246
7530	246
7535	246
7540	246
7545	246
7550	246
7555	246
7560	246
7565	246
7570	246
7575	246
7580	246
7585	246
7590	246
7595	246
7600	246
7605	246
7610	246
7615	246
7620	246
7625	246
7630	246
7635	246
7640	246
7645	246
7650	246
7655	246
7660	246
7665	246
7670	246
7675	247
7680	247
7685	247
7690	249
7695	251
7700	252
7705	253
7710	253
7715	253
7720	253
7725	253
7730	253
7735	253
7740	253
7745	253
7750	254
7755	254
7760	254
7765	254
7770	254
7775	254
7780	254
7785	255
7790	255
7795	255
7800	255
7805	255
7810	255
7815	255
7820	255
7825	256
7830	256
7835	256
7840	256
7845	256
7850	256
7855	256
7860	256
7865	256
7870	256
7875	256
7880	256
7885	256
7890	256
7895	257
7900	257
7905	257
7910	257
7915	258
7920	260
7925	261
7930	262
7935	262
7940	262
7945	262
7950	262
7955	262
7960	262
7965	262
7970	262
7975	262
7980	262
7985	263
7990	266
7995	267
8000	268
8005	268
8010	268
8015	268
8020	268
8025	268
8030	268
8035	268
8040	268
8045	270
8050	271
8055	273
8060	273
8065	273
8070	273
8075	273
8080	273
8085	273
8090	273
8095	273
8100	273
8105	273
8110	274
8115	275
8120	276
8125	278
8130	279
8135	280
8140	280
8145	280
8150	280
8155	280
8160	280
8165	280
8170	280
8175	280
8180	280
8185	281
8190	282
8195	282
8200	282
8205	283
8210	284
8215	284
8220	286
8225	286
8230	286
8235	286
8240	286
8245	286
8250	286
8255	286
8260	286
8265	286
8270	286
8275	286
8280	286
8285	286
8290	286
8295	286
8300	286
8305	287
8310	287
8315	287
8320	287
8325	287
8330	287
8335	287
8340	287
8345	287
8350	287
8355	287
8360	287
8365	287
8370	287
8375	287
8380	287
8385	287
8390	287
8395	287
8400	287
8405	287
8410	287
8415	287
8420	287
8425	287
8430	287
8435	287
8440	287
8445	288
8450	288
8455	289
8460	289
8465	289
8470	289
8475	289
8480	289
8485	289
8490	289
8495	289
8500	289
8505	289
8510	289
8515	289
8520	289
8525	289
8530	289
8535	289
8540	289
8545	289
8550	289
8555	289
8560	289
8565	289
8570	289
8575	289
8580	289
8585	289
8590	289
8595	289
8600	289
8605	289
8610	289
8615	289
8620	289
8625	289
8630	289
8635	289
8640	289
8645	289
8650	290
8655	290
8660	290
8665	290
8670	290
8675	290
8680	290
8685	291
8690	291
8695	291
8700	291
8705	291
8710	291
8715	291
8720	291
8725	291
8730	291
8735	291
8740	291
8745	291
8750	291
8755	291
8760	292
8765	294
8770	296
8775	297
8780	299
8785	300
8790	300
8795	300
8800	300
8805	300
8810	300
8815	300
8820	300
8825	300
8830	300
8835	300
8840	300
8845	302
8850	302
8855	304
8860	304
8865	304
8870	304
8875	304
8880	304
8885	304
8890	304
8895	304
8900	304
8905	304
8910	304
8915	304
8920	304
8925	304
8930	304
8935	304
8940	304
8945	304
8950	304
8955	305
8960	306
8965	306
8970	306
8975	306
8980	307
8985	309
8990	309
8995	309
9000	309
9005	309
9010	309
9015	309
9020	309
9025	309
9030	309
9035	309
9040	309
9045	309
9050	309
9055	310
9060	310
9065	310
9070	310
9075	310
9080	310
9085	310
9090	310
9095	310
9100	310
9105	310
9110	310
9115	310
9120	310
9125	310
9130	310
9135	310
9140	310
9145	310
9150	310
9155	310
9160	310
9165	310
9170	310
9175	310
9180	310
9185	310
9190	310
9195	310
9200	310
9205	310
9210	310
9215	310
9220	310
9225	310
9230	310
9235	310
9240	310
9245	310
9250	310
9255	310
9260	310
9265	311
9270	311
9275	311
9280	312
9285	317
9290	320
9295	323
9300	323
9305	323
9310	323
9315	323
9320	323
9325	325
9330	327
9335	329
9340	330
9345	330
9350	331
9355	331
9360	331
9365	331
9370	331
9375	332
9380	332
9385	332
9390	332
9395	334
9400	335
9405	335
9410	335
9415	336
9420	336
9425	336
9430	336
9435	336
9440	336
9445	336
9450	336
9455	336
9460	336
9465	336
9470	336
9475	336
9480	336
9485	336
9490	336
9495	336
9500	337
9505	337
9510	337
9515	337
9520	337
9525	337
9530	337
9535	337
9540	337
9545	337
9550	337
9555	337
9560	337
9565	337
9570	338
9575	339
9580	339
9585	339
9590	339
9595	339
9600	339
9605	340
9610	340
9615	340
9620	340
9625	340
9630	340
9635	341
9640	341
9645	342
9650	344
9655	346
9660	347
9665	349
9670	349
9675	349
9680	349
9685	349
9690	349
9695	349
9700	349
9705	349
9710	349
9715	349
9720	349
9725	349
9730	349
9735	349
9740	349
9745	349
9750	349
9755	349
9760	349
9765	349
9770	349
9775	349
9780	349
9785	349
9790	349
9795	349
9800	349
9805	349
9810	349
9815	349
9820	349
9825	349
9830	349
9835	349
9840	349
9845	349
9850	349
9855	349
9860	349
9865	349
9870	349
9875	349
9880	349
9885	349
9890	349
9895	349
9900	349
9905	349
9910	349
9915	349
9920	349
9925	349
9930	350
9935	350
9940	350
9945	352
9950	353
9955	353
9960	353
9965	353
9970	353
9975	353
9980	353
9985	353
9990	353
9995	353
10000	353
10005	353
10010	353
10015	353
10020	353
10025	353
10030	353
10035	354
10040	355
10045	355
10050	356
10055	356
10060	356
10065	356
10070	356
10075	356
10080	356
10085	357
10090	359
10095	360
10100	360
10105	361
10110	361
10115	362
10120	362
10125	362
10130	362
10135	362
10140	362
10145	362
10150	363
10155	363
10160	363
10165	363
10170	366
10175	367
10180	369
10185	370
10190	371
10195	373
10200	373
10205	373
10210	378
10215	378
10220	378
10225	378
10230	378
10235	378
10240	378
10245	378
10250	378
10255	378
10260	378
10265	378
10270	380
10275	383
10280	385
10285	386
10290	386
10295	386
10300	388
10305	389
10310	390
10315	390
10320	390
10325	391
10330	391
10335	391
10340	391
10345	391
10350	391
10355	391
10360	391
10365	391
10370	391
10375	391
10380	392
10385	393
10390	395
10395	397
10400	399
10405	400
10410	402
10415	402
10420	402
10425	402
10430	402
10435	402
10440	402
10445	402
10450	402
10455	402
10460	403
10465	406
10470	408
10475	409
10480	410
10485	410
10490	410
10495	410
10500	410
10505	411
10510	411
10515	411
10520	411
10525	411
10530	411
10535	411
10540	411
10545	411
10550	411
10555	411
10560	411
10565	413
10570	413
10575	414
10580	415
10585	415
10590	415
10595	415
10600	416
10605	417
10610	418
10615	418
10620	418
10625	418
10630	418
10635	418
10640	418
10645	418
10650	419
10655	421
10660	421
10665	421
10670	421
10675	421
10680	422
10685	422
10690	422
10695	422
10700	422
10705	422
10710	422
10715	422
10720	422
10725	422
10730	422
10735	422
10740	422
10745	422
10750	423
10755	424
10760	424
10765	424
10770	424
10775	424
10780	424
10785	424
10790	424
10795	424
10800	424
10805	424
10810	424
10815	424
10820	426
10825	426
10830	426
10835	426
10840	428
10845	428
10850	428
10855	428
10860	428
10865	428
10870	428
10875	428
10880	428
10885	428
10890	428
10895	428
10900	428
10905	428
10910	428
10915	428
10920	428
10925	428
10930	428
10935	428
10940	429
10945	429
10950	429
10955	429
10960	429
10965	429
10970	429
10975	430
10980	430
10985	430
10990	430
10995	430
11000	433
11005	434
11010	436
11015	436
11020	436
11025	436
11030	436
11035	436
11040	436
11045	436
11050	436
11055	436
11060	436
11065	436
11070	436
11075	436
11080	436
11085	436
11090	436
11095	436
11100	437
11105	438
11110	440
11115	441
11120	441
11125	441
11130	442
11135	442
11140	442
11145	442
11150	442
11155	443
11160	443
11165	443
11170	443
11175	443
11180	443
11185	444
11190	444
11195	444
11200	446
11205	448
11210	450
11215	451
11220	451
11225	451
11230	451
11235	452
11240	454
11245	454
11250	454
11255	454
11260	454
11265	454
11270	454
11275	454
11280	454
11285	454
11290	454
11295	454
11300	455
11305	455
11310	455
11315	455
11320	455
11325	455
11330	455
11335	455
11340	455
11345	455
11350	455
11355	455
11360	455
11365	455
11370	455
11375	455
11380	455
11385	455
11390	455
11395	455
11400	455
11405	455
11410	455
11415	455
11420	455
11425	455
11430	455
11435	455
11440	455
11445	455
11450	455
11455	455
11460	455
11465	455
11470	455
11475	455
11480	455
11485	455
11490	455
11495	455
11500	455
11505	455
11510	455
11515	455
11520	455
11525	455
11530	455
11535	455
11540	455
11545	455
11550	455
11555	455
11560	455
11565	455
11570	455
11575	455
11580	455
11585	455
11590	455
11595	455
11600	455
11605	457
11610	459
11615	460
11620	461
11625	461
11630	461
11635	461
11640	461
11645	461
11650	461
11655	461
11660	461
11665	461
11670	461
11675	461
11680	461
11685	461
11690	462
11695	462
11700	462
11705	462
11710	462
11715	463
11720	464
11725	464
11730	464
11735	464
11740	464
11745	466
11750	467
11755	467
11760	467
11765	469
11770	471
11775	471
11780	472
11785	473
11790	475
11795	475
11800	475
11805	475
11810	475
11815	475
11820	475
11825	475
11830	475
11835	475
11840	475
11845	475
11850	475
11855	475
11860	475
11865	475
11870	475
11875	475
11880	475
11885	475
11890	477
11895	479
11900	479
11905	479
11910	479
11915	479
11920	479
11925	482
11930	482
11935	482
11940	482
11945	482
11950	482
11955	482
11960	482
11965	482
11970	482
11975	482
11980	482
11985	482
11990	482
11995	482
12000	482
12005	482
12010	482
12015	482
12020	482
12025	482
12030	482
12035	482
12040	482
12045	482
12050	482
12055	482
12060	482
12065	483
12070	483
12075	483
12080	483
12085	483
12090	483
12095	483
12100	483
12105	483
12110	483
12115	483
12120	485
12125	486
12130	486
12135	486
12140	486
12145	486
12150	487
12155	488
12160	488
12165	488
12170	488
12175	488
12180	489
12185	489
12190	489
12195	489
12200	489
12205	489
12210	489
12215	489
12220	489
12225	489
12230	489
12235	490
12240	492
12245	493
12250	493
12255	493
12260	493
12265	493
12270	494
12275	495
12280	497
12285	499
12290	501
12295	502
12300	502
12305	502
12310	502
12315	502
12320	502
12325	502
12330	502
12335	502
12340	502
12345	502
12350	502
12355	502
12360	502
12365	502
12370	502
12375	502
12380	502
12385	502
12390	502
12395	502
12400	502
12405	502
12410	502
12415	502
12420	503
12425	503
12430	503
12435	503
12440	504
12445	504
12450	504
12455	504
12460	504
12465	504
12470	504
12475	504
12480	504
12485	504
12490	504
12495	504
12500	504
12505	504
12510	504
12515	504
12520	504
12525	504
12530	504
12535	504
12540	504
12545	504
12550	504
12555	504
12560	504
12565	504
12570	504
12575	504
12580	504
12585	504
12590	504
12595	504
12600	504
12605	504
12610	504
12615	504
12620	504
12625	504
12630	504
12635	504
12640	505
12645	506
12650	506
12655	506
12660	508
12665	509
12670	511
12675	511
12680	511
12685	512
12690	514
12695	514
12700	514
12705	514
12710	514
12715	514
12720	514
12725	514
12730	514
12735	514
12740	514
12745	514
12750	514
12755	514
12760	514
12765	514
12770	515
12775	515
12780	515
12785	515
12790	515
12795	515
12800	515
12805	515
12810	515
12815	515
12820	515
12825	515
12830	515
12835	515
12840	515
12845	515
12850	515
12855	515
12860	515
12865	515
12870	515
12875	515
12880	515
12885	515
12890	516
12895	516
12900	516
12905	516
12910	516
12915	516
12920	516
12925	516
12930	516
12935	517
12940	517
12945	517
12950	517
12955	517
12960	517
12965	517
12970	517
12975	518
12980	518
12985	518
12990	518
12995	519
13000	519
13005	519
13010	519
13015	521
13020	521
13025	521
13030	521
13035	521
13040	521
13045	521
13050	521
13055	521
13060	521
13065	521
13070	521
13075	521
13080	521
13085	521
13090	521
13095	521
13100	521
13105	522
13110	522
13115	522
13120	522
13125	522
13130	522
13135	523
13140	523
13145	523
13150	523
13155	523
13160	523
13165	523
13170	523
13175	523
13180	523
13185	523
13190	523
13195	523
13200	523
13205	523
13210	523
13215	523
13220	523
13225	523
13230	523
13235	523
13240	523
13245	523
13250	523
13255	523
13260	523
13265	523
13270	523
13275	523
13280	523
13285	523
13290	524
13295	526
13300	528
13305	528
13310	528
13315	528
13320	528
13325	528
13330	529
13335	531
13340	533
13345	535
13350	536
13355	538
13360	540
13365	541
13370	541
13375	541
13380	541
13385	541
13390	541
13395	541
13400	541
13405	541
13410	541
13415	541
13420	541
13425	542
13430	543
13435	545
13440	546
13445	547
13450	547
13455	547
13460	547
13465	547
13470	547
13475	547
13480	547
13485	547
13490	547
13495	548
13500	548
13505	548
13510	548
13515	548
13520	548
13525	548
13530	548
13535	548
13540	548
13545	551
13550	551
13555	551
13560	551
13565	552
13570	552
13575	552
13580	552
13585	552
13590	552
13595	552
13600	552
13605	552
13610	552
13615	552
13620	552
13625	552
13630	553
13635	554
13640	555
13645	555
13650	555
13655	555
13660	555
13665	557
13670	559
13675	561
13680	564
13685	565
13690	567
13695	568
13700	568
13705	568
13710	569
13715	569
13720	569
13725	569
13730	569
13735	571
13740	572
13745	573
13750	573
13755	573
13760	573
13765	573
13770	573
13775	573
13780	573
13785	573
13790	575
13795	575
13800	575
13805	575
13810	575
13815	575
13820	575
13825	575
13830	575
13835	575
13840	575
13845	575
13850	575
13855	575
13860	575
13865	575
13870	575
13875	575
13880	575
13885	575
13890	575
13895	575
13900	575
13905	575
13910	575
13915	575
13920	575
13925	575
13930	576
13935	577
13940	578
13945	578
13950	578
13955	578
13960	578
13965	578
13970	578
13975	578
13980	578
13985	578
13990	579
13995	582
14000	582
14005	582
14010	582
14015	584
14020	585
14025	585
14030	585
14035	585
14040	585
14045	586
14050	588
14055	590
14060	592
14065	592
14070	592
14075	592
14080	593
14085	593
14090	593
14095	593
14100	593
14105	593
14110	593
14115	593
14120	593
14125	593
14130	593
14135	593
14140	593
14145	593
14150	593
14155	593
14160	593
14165	593
14170	593
14175	593
14180	594
14185	594
14190	594
14195	594
14200	594
14205	594
14210	594
14215	594
14220	594
14225	594
14230	594
14235	596
14240	597
14245	599
14250	600
14255	602
14260	602
14265	602
14270	602
14275	602
14280	602
14285	602
14290	602
14295	602
14300	602
14305	602
14310	602
14315	602
14320	602
14325	604
14330	604
14335	604
14340	604
14345	604
14350	604
14355	604
14360	604
14365	604
14370	604
14375	604
14380	605
14385	605
14390	605
14395	605
14400	605
14405	605
14410	605
14415	605
14420	605
14425	605
14430	605
14435	605
14440	605
14445	605
14450	607
14455	608
14460	608
14465	608
14470	609
14475	609
14480	609
14485	609
14490	609
14495	609
14500	609
14505	609
14510	609
14515	609
14520	609
14525	609
14530	609
14535	609
14540	609
14545	609
14550	609
14555	609
14560	610
14565	610
14570	610
14575	610
14580	610
14585	610
14590	610
14595	611
14600	612
14605	613
14610	615
14615	615
14620	615
14625	615
14630	615
14635	615
14640	615
14645	615
14650	616
14655	616
14660	616
14665	617
14670	619
14675	620
14680	622
14685	624
14690	625
14695	625
14700	625
14705	625
14710	625
14715	626
14720	626
14725	626
14730	626
14735	626
14740	626
14745	627
14750	627
14755	627
14760	627
14765	627
14770	627
14775	627
14780	627
14785	627
14790	627
14795	627
14800	627
14805	627
14810	627
14815	627
14820	627
14825	627
14830	627
14835	627
14840	629
14845	629
14850	629
14855	629
14860	629
14865	629
14870	629
14875	629
14880	629
14885	629
14890	629
14895	629
14900	629
14905	630
14910	630
14915	630
14920	630
14925	631
14930	631
14935	631
14940	631
14945	631
14950	631
14955	631
14960	631
14965	631
14970	631
14975	631
14980	631
14985	631
14990	631
14995	631
15000	631
15005	631
15010	631
15015	632
15020	633
15025	634
15030	634
15035	634
15040	634
15045	634
15050	634
15055	634
15060	634
15065	634
15070	634
15075	636
15080	636
15085	637
15090	638
15095	639
15100	639
15105	639
15110	639
15115	639
15120	639
15125	639
15130	639
15135	639
15140	639
15145	639
15150	639
15155	639
15160	639
15165	639
15170	639
15175	639
15180	639
15185	639
15190	639
15195	641
15200	641
15205	641
15210	641
15215	641
15220	641
15225	641
15230	641
15235	642
15240	642
15245	642
15250	642
15255	642
15260	642
15265	643
15270	645
15275	646
15280	648
15285	649
15290	649
15295	649
15300	649
15305	650
15310	650
15315	650
15320	650
15325	650
15330	650
15335	650
15340	650
15345	650
15350	650
15355	652
15360	654
15365	654
15370	654
15375	654
15380	654
15385	654
15390	654
15395	654
15400	654
15405	654
15410	656
15415	657
15420	657
15425	657
15430	657
15435	657
15440	657
15445	657
15450	657
15455	657
15460	657
15465	659
15470	661
15475	663
15480	663
15485	663
15490	663
15495	663
15500	663
15505	663
15510	663
15515	664
15520	664
15525	664
15530	664
15535	664
15540	664
15545	664
15550	664
15555	664
15560	664
15565	664
15570	664
15575	664
15580	664
15585	664
15590	664
15595	664
15600	666
15605	668
15610	669
15615	671
15620	671
15625	671
15630	671
15635	671
15640	671
15645	671
15650	671
15655	671
15660	671
15665	671
15670	671
15675	671
15680	671
15685	671
15690	671
15695	671
15700	671
15705	671
15710	671
15715	671
15720	672
15725	672
15730	672
15735	673
15740	674
15745	674
15750	674
15755	674
15760	674
15765	674
15770	674
15775	674
15780	674
15785	674
15790	674
15795	674
15800	674
15805	675
15810	677
15815	677
15820	677
15825	677
15830	677
15835	677
15840	677
15845	677
15850	677
15855	679
15860	680
15865	681
15870	681
15875	681
15880	681
15885	681
15890	681
15895	681
15900	684
15905	686
15910	687
15915	687
15920	687
15925	687
15930	687
15935	688
15940	688
15945	690
15950	691
15955	693
15960	694
15965	698
15970	700
15975	702
15980	703
15985	705
15990	705
15995	705
16000	705
16005	705
16010	705
16015	705
16020	705
16025	705
16030	705
16035	705
16040	705
16045	705
16050	705
16055	705
16060	705
16065	705
16070	705
16075	705
16080	705
16085	705
16090	705
16095	705
16100	705
16105	705
16110	706
16115	708
16120	710
16125	710
16130	710
16135	715
16140	716
16145	716
16150	716
16155	717
16160	721
16165	721
16170	723
16175	724
16180	724
16185	726
16190	726
16195	726
16200	726
16205	726
16210	726
16215	726
16220	726
16225	728
16230	732
16235	734
16240	736
16245	736
16250	736
16255	737
16260	737
16265	737
16270	737
16275	737
16280	737
16285	737
16290	738
16295	740
16300	741
16305	741
16310	743
16315	745
16320	747
16325	747
16330	747
16335	747
16340	747
16345	747
16350	747
16355	747
16360	749
16365	749
16370	749
16375	749
16380	749
16385	749
16390	749
16395	749
16400	749
16405	749
16410	749
16415	749
16420	749
16425	749
16430	749
16435	749
16440	750
16445	750
16450	750
16455	750
16460	750
16465	752
16470	753
16475	754
16480	754
16485	754
16490	754
16495	754
16500	754
16505	754
16510	755
16515	756
16520	759
16525	761
16530	762
16535	763
16540	763
16545	763
16550	763
16555	763
16560	763
16565	763
16570	763
16575	763
16580	768
16585	768
16590	768
16595	768
16600	769
16605	770
16610	770
16615	770
16620	771
16625	771
16630	773
16635	774
16640	775
16645	775
16650	776
16655	776
16660	776
16665	776
16670	776
16675	776
16680	777
16685	778
16690	778
16695	778
16700	778
16705	778
16710	778
16715	779
16720	779
16725	779
16730	780
16735	782
16740	784
16745	785
16750	788
16755	789
16760	791
16765	791
16770	791
16775	791
16780	791
16785	791
16790	791
16795	791
16800	791
16805	791
16810	791
16815	791
16820	792
16825	793
16830	795
16835	796
16840	798
16845	798
16850	799
16855	800
16860	800
16865	801
16870	801
16875	801
16880	802
16885	802
16890	803
16895	805
16900	805
16905	805
16910	805
16915	805
16920	805
16925	805
16930	805
16935	805
16940	805
16945	805
16950	805
16955	805
16960	805
16965	805
16970	805
16975	806
16980	806
16985	807
16990	807
16995	807
17000	807
17005	807
17010	807
17015	807
17020	807
17025	807
17030	807
17035	807
17040	807
17045	807
17050	807
17055	807
17060	807
17065	807
17070	807
17075	807
17080	807
17085	807
17090	807
17095	807
17100	808
17105	808
17110	808
17115	808
17120	808
17125	808
17130	808
17135	808
17140	808
17145	808
17150	808
17155	808
17160	808
17165	808
17170	808
17175	808
17180	809
17185	809
17190	809
17195	809
17200	809
17205	810
17210	811
17215	811
17220	811
17225	811
17230	811
17235	811
17240	811
17245	811
17250	811
17255	811
17260	811
17265	811
17270	811
17275	811
17280	811
17285	811
17290	811
17295	811
17300	811
17305	811
17310	811
17315	811
17320	811
17325	811
17330	811
17335	812
17340	812
17345	812
17350	812
17355	812
17360	812
17365	812
17370	812
17375	812
17380	812
17385	812
17390	812
17395	813
17400	813
17405	813
17410	814
17415	814
17420	814
17425	815
17430	816
17435	816
17440	816
17445	816
17450	816
17455	816
17460	816
17465	816
17470	816
17475	817
17480	818
17485	818
17490	818
17495	818
17500	818
17505	818
17510	818
17515	818
17520	818
17525	818
17530	818
17535	818
17540	818
17545	818
17550	818
17555	818
17560	818
17565	818
17570	818
17575	818
17580	818
17585	818
17590	818
17595	818
17600	819
17605	819
17610	819
17615	819
17620	819
17625	819
17630	819
17635	819
17640	819
17645	819
17650	819
17655	819
17660	819
17665	819
17670	819
17675	819
17680	819
17685	819
17690	819
17695	819
17700	819
17705	820
17710	820
17715	820
17720	820
17725	820
17730	820
17735	820
17740	820
17745	821
17750	823
17755	825
17760	826
17765	826
17770	827
17775	827
17780	828
17785	829
17790	829
17795	829
17800	830
17805	830
17810	830
17815	830
17820	830
17825	830
17830	830
17835	830
17840	831
17845	832
17850	832
17855	832
17860	832
17865	832
17870	832
17875	832
17880	832
17885	832
17890	832
17895	832
17900	832
17905	832
17910	832
17915	832
17920	832
17925	832
17930	832
17935	832
17940	832
17945	832
17950	832
17955	832
17960	832
17965	832
17970	832
17975	832
17980	832
17985	833
17990	834
17995	834
18000	834
18005	834
18010	834
18015	834
18020	834
18025	834
18030	834
18035	834
18040	834
18045	834
18050	834
18055	834
18060	834
18065	834
18070	834
18075	834
18080	835
18085	835
18090	836
18095	836
18100	837
18105	838
18110	838
18115	838
18120	838
18125	838
18130	838
18135	838
18140	838
18145	838
18150	838
18155	838
18160	838
18165	838
18170	838
18175	838
18180	839
18185	841
18190	841
18195	841
18200	842
18205	842
18210	842
18215	842
18220	842
18225	842
18230	842
18235	842
18240	842
18245	842
18250	842
18255	842
18260	842
18265	842
18270	842
18275	842
18280	842
18285	842
18290	842
18295	843
18300	844
18305	845
18310	845
18315	846
18320	847
18325	847
18330	847
18335	849
18340	853
18345	855
18350	855
18355	855
18360	855
18365	855
18370	855
18375	855
18380	855
18385	855
18390	855
18395	855
18400	855
18405	855
18410	855
18415	855
18420	855
18425	855
18430	855
18435	856
18440	856
18445	856
18450	856
18455	856
18460	856
18465	856
18470	856
18475	856
18480	856
18485	856
18490	856
18495	856
18500	856
18505	856
18510	856
18515	857
18520	857
18525	857
18530	857
18535	857
18540	857
18545	857
18550	857
18555	857
18560	857
18565	857
18570	857
18575	859
18580	861
18585	863
18590	864
18595	864
18600	864
18605	865
18610	865
18615	867
18620	867
18625	867
18630	867
18635	867
18640	867
18645	867
18650	867
18655	867
18660	867
18665	867
18670	867
18675	867
18680	867
18685	867
18690	867
18695	867
18700	867
18705	868
18710	868
18715	868
18720	868
18725	868
18730	869
18735	869
18740	869
18745	869
18750	869
18755	869
18760	869
18765	870
18770	870
18775	870
18780	870
18785	872
18790	872
18795	872
18800	872
18805	872
18810	872
18815	872
18820	872
18825	872
18830	872
18835	872
18840	872
18845	872
18850	872
18855	873
18860	873
18865	873
18870	873
18875	875
18880	875
18885	875
18890	875
18895	876
18900	876
18905	876
18910	876
18915	876
18920	876
18925	876
18930	876
18935	876
18940	876
18945	876
18950	876
18955	876
18960	876
18965	876
18970	876
18975	876
18980	876
18985	876
18990	876
18995	877
19000	877
19005	877
19010	877
19015	877
19020	877
19025	877
19030	877
19035	877
19040	878
19045	880
19050	882
19055	883
19060	883
19065	883
19070	883
19075	884
19080	885
19085	889
19090	889
19095	889
19100	889
19105	890
19110	892
19115	892
19120	892
19125	892
19130	892
19135	892
19140	892
19145	894
19150	894
19155	894
19160	894
19165	894
19170	894
19175	894
19180	894
19185	896
19190	896
19195	896
19200	896
19205	896
19210	896
19215	896
19220	896
19225	898
19230	898
19235	898
19240	898
19245	898
19250	898
19255	898
19260	899
19265	899
19270	901
19275	902
19280	902
19285	902
19290	902
19295	902
19300	902
19305	902
19310	902
19315	902
19320	902
19325	902
19330	902
19335	902
19340	902
19345	902
19350	902
19355	902
19360	902
19365	902
19370	905
19375	905
19380	905
19385	905
19390	905
19395	905
19400	905
19405	905
19410	906
19415	906
19420	907
19425	907
19430	907
19435	907
19440	907
19445	907
19450	907
19455	908
19460	909
19465	911
19470	913
19475	913
19480	913
19485	913
19490	913
19495	913
19500	913
19505	913
19510	914
19515	914
19520	914
19525	914
19530	914
19535	916
19540	916
19545	916
19550	917
19555	917
19560	917
19565	917
19570	917
19575	917
19580	917
19585	917
19590	917
19595	917
19600	917
19605	917
19610	919
19615	922
19620	924
19625	924
19630	924
19635	924
19640	924
19645	924
19650	924
19655	924
19660	924
19665	924
19670	924
19675	925
19680	926
19685	926
19690	926
19695	926
19700	926
19705	926
19710	926
19715	927
19720	927
19725	927
19730	927
19735	928
19740	930
19745	931
19750	931
19755	931
19760	931
19765	931
19770	931
19775	931
19780	931
19785	931
19790	931
19795	931
19800	931
19805	931
19810	931
19815	931
19820	931
19825	931
19830	931
19835	931
19840	931
19845	931
19850	931
19855	931
19860	932
19865	932
19870	932
19875	932
19880	932
19885	932
19890	932
19895	932
19900	932
19905	932
19910	933
19915	933
19920	933
19925	933
19930	933
19935	933
19940	934
19945	934
19950	934
19955	934
19960	934
19965	934
19970	934
19975	934
19980	934
19985	934
19990	934
19995	934
20000	934
20005	934
20010	936
20015	936
20020	936
20025	936
20030	936
20035	936
20040	936
20045	936
20050	936
20055	936
20060	937
20065	938
20070	940
20075	944
20080	944
20085	944
20090	944
20095	944
20100	944
20105	945
20110	945
20115	945
20120	945
20125	946
20130	946
20135	946
20140	946
20145	946
20150	946
20155	946
20160	946
20165	946
20170	946
20175	946
20180	946
20185	946
20190	946
20195	946
20200	946
20205	946
20210	946
20215	946
20220	946
20225	946
20230	946
20235	946
20240	946
20245	946
20250	946
20255	946
20260	949
20265	949
20270	950
20275	950
20280	950
20285	950
20290	950
20295	950
20300	950
20305	950
20310	950
20315	950
20320	950
20325	950
20330	950
20335	950
20340	950
20345	950
20350	950
20355	950
20360	950
20365	950
20370	950
20375	950
20380	950
20385	950
20390	950
20395	950
20400	950
20405	950
20410	950
20415	950
20420	950
20425	951
20430	952
20435	954
20440	955
20445	955
20450	955
20455	955
20460	955
20465	955
20470	955
20475	955
20480	955
20485	955
20490	955
20495	956
20500	956
20505	956
20510	956
20515	956
20520	956
20525	956
20530	956
20535	956
20540	956
20545	957
20550	959
20555	959
20560	959
20565	959
20570	959
20575	959
20580	959
20585	959
20590	959
20595	960
20600	960
20605	960
20610	960
20615	960
20620	961
20625	961
20630	961
20635	961
20640	961
20645	961
20650	961
20655	961
20660	961
20665	961
20670	961
20675	961
20680	961
20685	961
20690	961
20695	961
20700	961
20705	961
20710	961
20715	961
20720	961
20725	961
20730	961
20735	961
20740	961
20745	961
20750	962
20755	963
20760	965
20765	965
20770	965
20775	966
20780	966
20785	966
20790	969
20795	970
20800	972
20805	974
20810	975
20815	978
20820	979
20825	979
20830	979
20835	979
20840	979
20845	979
20850	979
20855	979
20860	979
20865	980
20870	980
20875	980
20880	980
20885	980
20890	980
20895	981
20900	982
20905	984
20910	985
20915	985
20920	985
20925	985
20930	985
20935	985
20940	985
20945	985
20950	985
20955	985
20960	985
20965	985
20970	985
20975	986
20980	986
20985	986
20990	986
20995	986
21000	986
21005	986
21010	986
21015	986
21020	986
21025	986
21030	986
21035	986
21040	986
21045	987
21050	987
21055	987
21060	987
21065	987
21070	987
21075	987
21080	987
21085	987
21090	987
21095	987
21100	987
21105	987
21110	987
21115	987
21120	988
21125	988
21130	988
21135	988
21140	988
21145	988
21150	988
21155	988
21160	989
21165	989
21170	989
21175	989
21180	989
21185	989
21190	989
21195	989
21200	989
21205	989
21210	989
21215	989
21220	989
21225	989
21230	989
21235	989
21240	989
21245	990
21250	990
21255	990
21260	990
21265	990
21270	990
21275	990
21280	990
21285	990
21290	990
21295	990
21300	990
21305	990
21310	990
21315	990
21320	990
21325	990
21330	990
21335	990
21340	990
21345	990
21350	990
21355	990
21360	990
21365	990
21370	990
21375	990
21380	990
21385	990
21390	990
21395	990
21400	990
21405	990
21410	990
21415	990
21420	990
21425	990
21430	990
21435	990
21440	990
21445	990
21450	990
21455	990
21460	990
21465	990
21470	990
21475	990
21480	990
21485	990
21490	990
21495	990
21500	990
21505	990
21510	990
21515	993
21520	995
21525	1001
21530	1001
21535	1001
21540	1001
21545	1001
21550	1001
21555	1001
21560	1001
21565	1001
21570	1002
21575	1003
21580	1003
21585	1003
21590	1003
21595	1003
21600	1003
21605	1003
21610	1003
21615	1003
21620	1004
21625	1006
21630	1008
21635	1009
21640	1009
21645	1009
21650	1009
21655	1011
21660	1013
21665	1013
21670	1014
21675	1016
21680	1016
21685	1016
21690	1016
21695	1016
21700	1016
21705	1018
21710	1018
21715	1018
21720	1018
21725	1019
21730	1019
21735	1019
21740	1019
21745	1019
21750	1019
21755	1019
21760	1019
21765	1019
21770	1019
21775	1019
21780	1020
21785	1021
21790	1023
21795	1025
21800	1025
21805	1025
21810	1026
21815	1028
21820	1029
21825	1029
21830	1029
21835	1029
21840	1029
21845	1029
21850	1029
21855	1029
21860	1029
21865	1029
21870	1029
21875	1029
21880	1029
21885	1029
21890	1029
21895	1029
21900	1029
21905	1029
21910	1029
21915	1029
21920	1029
21925	1029
21930	1029
21935	1029
21940	1029
21945	1029
21950	1029
21955	1029
21960	1029
21965	1029
21970	1029
21975	1029
21980	1029
21985	1029
21990	1029
21995	1029
22000	1029
22005	1030
22010	1033
22015	1034
22020	1036
22025	1036
22030	1036
22035	1036
22040	1036
22045	1036
22050	1036
22055	1036
22060	1036
22065	1036
22070	1036
22075	1036
22080	1036
22085	1036
22090	1036
22095	1036
22100	1037
22105	1037
22110	1037
22115	1037
22120	1037
22125	1037
22130	1037
22135	1037
22140	1037
22145	1039
22150	1039
22155	1039
22160	1040
22165	1040
22170	1040
22175	1040
22180	1040
22185	1040
22190	1040
22195	1040
22200	1040
22205	1040
22210	1040
22215	1040
22220	1041
22225	1041
22230	1041
22235	1041
22240	1041
22245	1041
22250	1041
22255	1041
22260	1042
22265	1042
22270	1042
22275	1042
22280	1042
22285	1042
22290	1042
22295	1042
22300	1042
22305	1042
22310	1042
22315	1042
22320	1042
22325	1043
22330	1044
22335	1044
22340	1044
22345	1044
22350	1044
22355	1044
22360	1044
22365	1045
22370	1045
22375	1045
22380	1045
22385	1045
22390	1045
22395	1045
22400	1045
22405	1045
22410	1045
22415	1045
22420	1045
22425	1045
22430	1045
22435	1045
22440	1045
22445	1045
22450	1045
22455	1045
22460	1045
22465	1045
22470	1045
22475	1045
22480	1045
22485	1045
22490	1045
22495	1045
22500	1045
22505	1045
22510	1045
22515	1046
22520	1047
22525	1047
22530	1047
22535	1048
22540	1048
22545	1048
22550	1048
22555	1048
22560	1048
22565	1048
22570	1048
22575	1048
22580	1048
22585	1049
22590	1050
22595	1051
22600	1051
22605	1051
22610	1051
22615	1051
22620	1051
22625	1052
22630	1054
22635	1056
22640	1058
22645	1059
22650	1059
22655	1060
22660	1061
22665	1063
22670	1063
22675	1063
22680	1063
22685	1063
22690	1063
22695	1063
22700	1064
22705	1064
22710	1064
22715	1065
22720	1065
22725	1065
22730	1065
22735	1066
22740	1067
22745	1070
22750	1070
22755	1070
22760	1070
22765	1070
22770	1070
22775	1070
22780	1070
22785	1070
22790	1070
22795	1071
22800	1071
22805	1071
22810	1071
22815	1071
22820	1071
22825	1071
22830	1071
22835	1071
22840	1071
22845	1073
22850	1074
22855	1076
22860	1078
22865	1079
22870	1079
22875	1079
22880	1080
22885	1081
22890	1082
22895	1082
22900	1082
22905	1084
22910	1085
22915	1085
22920	1085
22925	1085
22930	1085
22935	1085
22940	1085
22945	1086
22950	1088
22955	1089
22960	1090
22965	1090
22970	1090
22975	1090
22980	1090
22985	1090
22990	1090
22995	1090
23000	1091
23005	1091
23010	1091
23015	1091
23020	1091
23025	1091
23030	1092
23035	1093
23040	1095
23045	1095
23050	1095
23055	1095
23060	1095
23065	1095
23070	1097
23075	1098
23080	1099
23085	1100
23090	1100
23095	1101
23100	1101
23105	1101
23110	1101
23115	1101
23120	1101
23125	1101
23130	1101
23135	1101
23140	1101
23145	1101
23150	1102
23155	1102
23160	1102
23165	1103
23170	1103
23175	1103
23180	1103
23185	1103
23190	1103
23195	1103
23200	1103
23205	1103
23210	1104
23215	1104
23220	1104
23225	1104
23230	1104
23235	1104
23240	1107
23245	1109
23250	1110
23255	1111
23260	1111
23265	1111
23270	1112
23275	1112
23280	1112
23285	1112
23290	1112
23295	1112
23300	1112
23305	1112
23310	1113
23315	1113
23320	1113
23325	1113
23330	1113
23335	1114
23340	1114
23345	1114
23350	1114
23355	1114
23360	1114
23365	1114
23370	1114
23375	1114
23380	1114
23385	1114
23390	1114
23395	1114
23400	1114
23405	1114
23410	1114
23415	1114
23420	1114
23425	1114
23430	1114
23435	1114
23440	1114
23445	1114
23450	1115
23455	1115
23460	1115
23465	1115
23470	1115
23475	1115
23480	1115
23485	1115
23490	1115
23495	1115
23500	1115
23505	1115
23510	1115
23515	1115
23520	1115
23525	1115
23530	1115
23535	1115
23540	1115
23545	1115
23550	1115
23555	1115
23560	1115
23565	1115
23570	1115
23575	1115
23580	1115
23585	1115
23590	1116
23595	1116
23600	1116
23605	1116
23610	1116
23615	1116
23620	1116
23625	1116
23630	1116
23635	1116
23640	1116
23645	1116
23650	1116
23655	1116
23660	1116
23665	1116
23670	1117
23675	1117
23680	1117
23685	1117
23690	1117
23695	1117
23700	1118
23705	1119
23710	1120
23715	1124
23720	1126
23725	1129
23730	1129
23735	1130
23740	1132
23745	1132
23750	1132
23755	1132
23760	1133
23765	1133
23770	1133
23775	1133
23780	1133
23785	1133
23790	1133
23795	1133
23800	1135
23805	1137
23810	1139
23815	1139
23820	1140
23825	1140
23830	1140
23835	1140
23840	1141
23845	1141
23850	1141
23855	1141
23860	1141
23865	1141
23870	1141
23875	1141
23880	1141
23885	1141
23890	1141
23895	1141
23900	1141
23905	1141
23910	1141
23915	1142
23920	1142
23925	1142
23930	1144
23935	1145
23940	1145
23945	1145
23950	1145
23955	1145
23960	1145
23965	1145
23970	1145
23975	1145
23980	1145
23985	1145
23990	1145
23995	1145
24000	1145
24005	1145
24010	1145
24015	1145
24020	1145
24025	1145
24030	1145
24035	1146
24040	1148
24045	1149
24050	1151
24055	1153
24060	1154
24065	1156
24070	1156
24075	1157
24080	1157
24085	1157
24090	1157
24095	1157
24100	1160
24105	1161
24110	1161
24115	1162
24120	1163
24125	1163
24130	1163
24135	1163
24140	1163
24145	1163
24150	1163
24155	1163
24160	1163
24165	1163
24170	1163
24175	1164
24180	1166
24185	1167
24190	1167
24195	1167
24200	1168
24205	1169
24210	1171
24215	1171
24220	1171
24225	1171
24230	1171
24235	1171
24240	1171
24245	1171
24250	1171
24255	1171
24260	1172
24265	1172
24270	1172
24275	1173
24280	1174
24285	1174
24290	1174
24295	1174
24300	1174
24305	1174
24310	1174
24315	1174
24320	1174
24325	1174
24330	1176
24335	1178
24340	1178
24345	1178
24350	1178
24355	1178
24360	1178
24365	1178
24370	1179
24375	1181
24380	1185
24385	1190
24390	1190
24395	1190
24400	1190
24405	1190
24410	1190
24415	1191
24420	1191
24425	1191
24430	1191
24435	1192
24440	1192
24445	1192
24450	1193
24455	1194
24460	1194
24465	1194
24470	1194
24475	1194
24480	1194
24485	1194
24490	1194
24495	1194
24500	1194
24505	1194
24510	1195
24515	1198
24520	1198
24525	1198
24530	1198
24535	1198
24540	1198
24545	1198
24550	1199
24555	1199
24560	1201
24565	1203
24570	1203
24575	1204
24580	1204
24585	1204
24590	1204
24595	1204
24600	1204
24605	1204
24610	1204
24615	1204
24620	1205
24625	1205
24630	1205
24635	1205
24640	1207
24645	1210
24650	1211
24655	1212
24660	1212
24665	1212
24670	1212
24675	1212
24680	1212
24685	1212
24690	1212
24695	1213
24700	1213
24705	1213
24710	1213
24715	1213
24720	1213
24725	1213
24730	1213
24735	1213
24740	1213
24745	1213
24750	1213
24755	1213
24760	1213
24765	1213
24770	1213
24775	1213
24780	1214
24785	1216
24790	1218
24795	1220
24800	1220
24805	1220
24810	1220
24815	1220
24820	1220
24825	1220
24830	1220
24835	1222
24840	1222
24845	1222
24850	1222
24855	1222
24860	1222
24865	1222
24870	1222
24875	1222
24880	1222
24885	1222
24890	1222
24895	1222
24900	1222
24905	1222
24910	1222
24915	1222
24920	1222
24925	1223
24930	1223
24935	1223
24940	1223
24945	1223
24950	1223
24955	1224
24960	1224
24965	1224
24970	1224
24975	1224
24980	1224
24985	1224
24990	1224
24995	1224
25000	1224
25005	1226
25010	1227
25015	1229
25020	1232
25025	1235
25030	1237
25035	1237
25040	1237
25045	1237
25050	1237
25055	1237
25060	1237
25065	1239
25070	1239
25075	1239
25080	1239
25085	1239
25090	1239
25095	1239
25100	1239
25105	1239
25110	1239
25115	1239
25120	1239
25125	1239
25130	1239
25135	1239
25140	1240
25145	1241
25150	1241
25155	1241
25160	1241
25165	1241
25170	1241
25175	1242
25180	1244
25185	1244
25190	1244
25195	1244
25200	1244
25205	1244
25210	1244
25215	1244
25220	1247
25225	1247
25230	1247
25235	1248
25240	1248
25245	1248
25250	1248
25255	1248
25260	1248
25265	1248
25270	1248
25275	1248
25280	1249
25285	1249
25290	1249
25295	1249
25300	1249
25305	1249
25310	1249
25315	1249
25320	1249
25325	1249
25330	1249
25335	1249
25340	1249
25345	1249
25350	1249
25355	1249
25360	1249
25365	1249
25370	1249
25375	1249
25380	1249
25385	1249
25390	1249
25395	1249
25400	1249
25405	1249
25410	1249
25415	1251
25420	1252
25425	1254
25430	1254
25435	1254
25440	1254
25445	1254
25450	1254
25455	1254
25460	1254
25465	1254
25470	1254
25475	1256
25480	1257
25485	1259
25490	1260
25495	1261
25500	1263
25505	1263
25510	1263
25515	1263
25520	1265
25525	1267
25530	1268
25535	1268
25540	1268
25545	1268
25550	1268
25555	1268
25560	1268
25565	1268
25570	1269
25575	1269
25580	1269
25585	1271
25590	1271
25595	1271
25600	1271
25605	1271
25610	1271
25615	1271
25620	1271
25625	1271
25630	1271
25635	1271
25640	1271
25645	1271
25650	1271
25655	1271
25660	1271
25665	1271
25670	1271
25675	1271
25680	1271
25685	1271
25690	1271
25695	1271
25700	1271
25705	1271
25710	1271
25715	1271
25720	1271
25725	1271
25730	1271
25735	1272
25740	1272
25745	1272
25750	1272
25755	1272
25760	1272
25765	1272
25770	1272
25775	1272
25780	1272
25785	1273
25790	1275
25795	1275
25800	1275
25805	1275
25810	1275
25815	1275
25820	1275
25825	1275
25830	1275
25835	1275
25840	1275
25845	1275
25850	1275
25855	1275
25860	1280
25865	1283
25870	1284
25875	1284
25880	1284
25885	1284
25890	1284
25895	1284
25900	1285
25905	1286
25910	1287
25915	1288
25920	1288
25925	1288
25930	1288
25935	1288
25940	1288
25945	1288
25950	1290
25955	1292
25960	1293
25965	1293
25970	1293
25975	1293
25980	1295
25985	1296
25990	1296
25995	1296
26000	1296
26005	1296
26010	1296
26015	1297
26020	1297
26025	1297
26030	1297
26035	1297
26040	1297
26045	1297
26050	1297
26055	1297
26060	1298
26065	1300
26070	1300
26075	1300
26080	1300
26085	1300
26090	1301
26095	1304
26100	1305
26105	1305
26110	1305
26115	1305
26120	1305
26125	1306
26130	1306
26135	1306
26140	1306
26145	1306
26150	1306
26155	1306
26160	1306
26165	1306
26170	1306
26175	1306
26180	1308
26185	1309
26190	1309
26195	1309
26200	1309
26205	1309
26210	1309
26215	1310
26220	1311
26225	1311
26230	1311
26235	1311
26240	1311
26245	1311
26250	1311
26255	1311
26260	1311
26265	1311
26270	1311
26275	1311
26280	1311
26285	1311
26290	1311
26295	1311
26300	1312
26305	1314
26310	1316
26315	1317
26320	1317
26325	1317
26330	1317
26335	1317
26340	1317
26345	1320
26350	1320
26355	1320
26360	1320
26365	1321
26370	1321
26375	1322
26380	1322
26385	1322
26390	1322
26395	1322
26400	1322
26405	1322
26410	1323
26415	1323
26420	1323
26425	1323
26430	1323
26435	1324
26440	1324
26445	1326
26450	1326
26455	1326
26460	1326
26465	1326
26470	1326
26475	1328
26480	1329
26485	1329
26490	1329
26495	1329
26500	1331
26505	1333
26510	1335
26515	1339
26520	1339
26525	1339
26530	1339
26535	1339
26540	1339
26545	1339
26550	1339
26555	1339
26560	1339
26565	1339
26570	1339
26575	1339
26580	1339
26585	1339
26590	1339
26595	1339
26600	1339
26605	1339
26610	1341
26615	1343
26620	1345
26625	1346
26630	1347
26635	1347
26640	1349
26645	1350
26650	1352
26655	1354
26660	1354
26665	1354
26670	1354
26675	1354
26680	1354
26685	1354
26690	1354
26695	1354
26700	1355
26705	1355
26710	1355
26715	1355
26720	1355
26725	1355
26730	1355
26735	1355
26740	1355
26745	1355
26750	1355
26755	1355
26760	1355
26765	1355
26770	1355
26775	1355
26780	1355
26785	1355
26790	1356
26795	1356
26800	1357
26805	1357
26810	1357
26815	1357
26820	1357
26825	1357
26830	1357
26835	1357
26840	1358
26845	1359
26850	1359
26855	1359
26860	1359
26865	1361
26870	1361
26875	1361
26880	1361
26885	1361
26890	1362
26895	1362
26900	1362
26905	1364
26910	1365
26915	1365
26920	1365
26925	1365
26930	1365
26935	1365
26940	1365
26945	1365
26950	1365
26955	1365
26960	1365
26965	1365
26970	1365
26975	1365
26980	1365
26985	1365
26990	1365
26995	1365
27000	1365
27005	1365
27010	1365
27015	1365
27020	1365
27025	1365
27030	1365
27035	1365
27040	1365
27045	1366
27050	1366
27055	1366
27060	1366
27065	1366
27070	1366
27075	1367
27080	1367
27085	1367
27090	1367
27095	1367
27100	1367
27105	1367
27110	1367
27115	1367
27120	1368
27125	1368
27130	1368
27135	1368
27140	1368
27145	1368
27150	1368
27155	1368
27160	1368
27165	1368
27170	1370
27175	1371
27180	1371
27185	1371
27190	1372
27195	1372
27200	1372
27205	1372
27210	1372
27215	1372
27220	1372
27225	1372
27230	1372
27235	1373
27240	1374
27245	1375
27250	1377
27255	1379
27260	1380
27265	1380
27270	1381
27275	1387
27280	1389
27285	1389
27290	1389
27295	1389
27300	1389
27305	1390
27310	1392
27315	1392
27320	1392
27325	1392
27330	1392
27335	1392
27340	1392
27345	1392
27350	1392
27355	1392
27360	1392
27365	1392
27370	1392
27375	1392
27380	1392
27385	1392
27390	1392
27395	1392
27400	1392
27405	1392
27410	1392
27415	1392
27420	1392
27425	1392
27430	1394
27435	1395
27440	1395
27445	1395
27450	1395
27455	1395
27460	1395
27465	1396
27470	1396
27475	1396
27480	1396
27485	1396
27490	1396
27495	1396
27500	1396
27505	1396
27510	1396
27515	1396
27520	1396
27525	1396
27530	1396
27535	1396
27540	1396
27545	1396
27550	1396
27555	1396
27560	1396
27565	1396
27570	1396
27575	1396
27580	1396
27585	1396
27590	1396
27595	1396
27600	1396
27605	1396
27610	1396
27615	1396
27620	1396
27625	1396
27630	1396
27635	1396
27640	1396
27645	1396
27650	1396
27655	1396
27660	1396
27665	1396
27670	1396
27675	1396
27680	1396
27685	1396
27690	1396
27695	1396
27700	1396
27705	1396
27710	1396
27715	1396
27720	1396
27725	1398
27730	1399
27735	1399
27740	1399
27745	1399
27750	1399
27755	1399
27760	1399
27765	1399
27770	1399
27775	1399
27780	1399
27785	1399
27790	1399
27795	1399
27800	1399
27805	1399
27810	1399
27815	1400
27820	1400
27825	1400
27830	1400
27835	1400
27840	1401
27845	1401
27850	1401
27855	1402
27860	1403
27865	1403
27870	1405
27875	1406
27880	1406
27885	1406
27890	1406
27895	1406
27900	1406
27905	1407
27910	1407
27915	1407
27920	1407
27925	1409
27930	1410
27935	1412
27940	1413
27945	1413
27950	1413
27955	1413
27960	1413
27965	1413
27970	1413
27975	1413
27980	1413
27985	1413
27990	1413
27995	1414
28000	1414
28005	1414
28010	1414
28015	1414
28020	1414
28025	1415
28030	1416
28035	1418
28040	1420
28045	1420
28050	1420
28055	1420
28060	1421
28065	1421
28070	1421
28075	1421
28080	1421
28085	1421
28090	1421
28095	1421
28100	1421
28105	1421
28110	1421
28115	1421
28120	1421
28125	1422
28130	1422
28135	1423
28140	1424
28145	1424
28150	1424
28155	1424
28160	1424
28165	1424
28170	1424
28175	1424
28180	1424
28185	1424
28190	1424
28195	1424
28200	1424
28205	1425
28210	1427
28215	1427
28220	1427
28225	1427
28230	1427
28235	1427
28240	1427
28245	1427
28250	1427
28255	1427
28260	1428
28265	1428
28270	1429
28275	1429
28280	1429
28285	1429
28290	1430
28295	1430
28300	1430
28305	1431
28310	1431
28315	1431
28320	1431
28325	1431
28330	1431
28335	1431
28340	1431
28345	1431
28350	1431
28355	1433
28360	1434
28365	1434
28370	1435
28375	1437
28380	1438
28385	1438
28390	1438
28395	1438
28400	1438
28405	1438
28410	1438
28415	1438
28420	1438
28425	1439
28430	1440
28435	1441
28440	1441
28445	1441
28450	1441
28455	1441
28460	1441
28465	1441
28470	1441
28475	1441
28480	1443
28485	1443
28490	1443
28495	1443
28500	1445
28505	1447
28510	1450
28515	1450
28520	1450
28525	1451
28530	1451
28535	1451
28540	1451
28545	1451
28550	1452
28555	1452
28560	1452
28565	1453
28570	1455
28575	1458
28580	1459
28585	1459
28590	1461
28595	1461
28600	1461
28605	1461
28610	1461
28615	1461
28620	1461
28625	1461
28630	1461
28635	1462
28640	1463
28645	1463
28650	1463
28655	1463
28660	1463
28665	1463
28670	1463
28675	1463
28680	1463
28685	1463
28690	1463
28695	1463
28700	1464
28705	1465
28710	1466
28715	1466
28720	1466
28725	1466
28730	1466
28735	1466
28740	1466
28745	1466
28750	1466
28755	1466
28760	1466
28765	1466
28770	1467
28775	1470
28780	1471
28785	1473
28790	1473
28795	1473
28800	1473
28805	1473
28810	1473
28815	1473
28820	1473
28825	1473
28830	1473
28835	1473
28840	1473
28845	1473
28850	1473
28855	1473
28860	1473
28865	1473
28870	1473
28875	1473
28880	1473
28885	1473
28890	1473
28895	1474
28900	1474
28905	1475
28910	1475
28915	1475
28920	1475
28925	1475
28930	1475
28935	1475
28940	1475
28945	1475
28950	1475
28955	1475
28960	1475
28965	1475
28970	1479
28975	1481
28980	1481
28985	1481
28990	1481
28995	1481
29000	1481
29005	1481
29010	1481
29015	1481
29020	1481
29025	1481
29030	1481
29035	1481
29040	1482
29045	1482
29050	1482
29055	1482
29060	1482
29065	1483
29070	1485
29075	1485
29080	1485
29085	1485
29090	1485
29095	1486
29100	1488
29105	1490
29110	1492
29115	1492
29120	1492
29125	1492
29130	1492
29135	1492
29140	1492
29145	1494
29150	1498
29155	1502
29160	1503
29165	1503
29170	1504
29175	1506
29180	1508
29185	1508
29190	1508
29195	1508
29200	1508
29205	1508
29210	1508
29215	1508
29220	1508
29225	1508
29230	1508
29235	1508
29240	1508
29245	1508
29250	1508
29255	1509
29260	1510
29265	1512
29270	1512
29275	1512
29280	1512
29285	1512
29290	1512
29295	1512
29300	1512
29305	1512
29310	1512
29315	1513
29320	1515
29325	1518
29330	1519
29335	1519
29340	1519
29345	1519
29350	1519
29355	1519
29360	1519
29365	1519
29370	1520
29375	1520
29380	1520
29385	1520
29390	1520
29395	1520
29400	1521
29405	1521
29410	1521
29415	1521
29420	1521
29425	1521
29430	1521
29435	1521
29440	1521
29445	1521
29450	1521
29455	1521
29460	1522
29465	1524
29470	1525
29475	1525
29480	1525
29485	1525
29490	1525
29495	1525
29500	1525
29505	1525
29510	1525
29515	1525
29520	1525
29525	1525
29530	1525
29535	1525
29540	1525
29545	1525
29550	1525
29555	1525
29560	1525
29565	1525
29570	1525
29575	1525
29580	1525
29585	1526
29590	1526
29595	1526
29600	1526
29605	1526
29610	1526
29615	1526
29620	1526
29625	1526
29630	1528
29635	1529
29640	1529
29645	1529
29650	1529
29655	1529
29660	1529
29665	1529
29670	1529
29675	1529
29680	1529
29685	1529
29690	1529
29695	1529
29700	1529
29705	1529
29710	1529
29715	1529
29720	1531
29725	1532
29730	1533
29735	1533
29740	1533
29745	1533
29750	1533
29755	1533
29760	1533
29765	1533
29770	1533
29775	1534
29780	1535
29785	1535
29790	1535
29795	1535
29800	1535
29805	1535
29810	1535
29815	1535
29820	1535
29825	1535
29830	1535
29835	1535
29840	1535
29845	1535
29850	1535
29855	1535
29860	1535
29865	1535
29870	1535
29875	1535
29880	1535
29885	1535
29890	1535
29895	1535
29900	1535
29905	1535
29910	1535
29915	1535
29920	1536
29925	1536
29930	1536
29935	1536
29940	1536
29945	1536
29950	1536
29955	1536
29960	1536
29965	1536
29970	1536
29975	1536
29980	1536
29985	1536
29990	1536
29995	1536
30000	1536
30005	1536
30010	1536
30015	1536
30020	1536
30025	1536
30030	1536
30035	1536
30040	1536
30045	1536
30050	1536
30055	1536
30060	1536
30065	1536
30070	1536
30075	1537
30080	1538
30085	1538
30090	1538
30095	1538
30100	1538
30105	1538
30110	1538
30115	1538
30120	1539
30125	1540
30130	1541
30135	1541
30140	1542
30145	1542
30150	1542
30155	1543
30160	1545
30165	1545
30170	1545
30175	1545
30180	1545
30185	1545
30190	1545
30195	1545
30200	1545
30205	1545
30210	1545
30215	1546
30220	1546
30225	1546
30230	1546
30235	1546
30240	1546
30245	1546
30250	1546
30255	1546
30260	1546
30265	1546
30270	1546
30275	1546
30280	1546
30285	1546
30290	1546
30295	1546
30300	1546
30305	1546
30310	1546
30315	1546
30320	1546
30325	1546
30330	1546
30335	1546
30340	1546
30345	1546
30350	1547
30355	1549
30360	1550
30365	1550
30370	1550
30375	1550
30380	1550
30385	1550
30390	1551
30395	1553
30400	1555
30405	1556
30410	1557
30415	1557
30420	1557
30425	1557
30430	1557
30435	1557
30440	1557
30445	1557
30450	1557
30455	1557
30460	1557
30465	1557
30470	1557
30475	1557
30480	1557
30485	1557
30490	1557
30495	1557
30500	1557
30505	1557
30510	1557
30515	1557
30520	1557
30525	1557
30530	1558
30535	1558
30540	1558
30545	1558
30550	1559
30555	1559
30560	1559
30565	1559
30570	1559
30575	1559
30580	1560
30585	1563
30590	1563
30595	1563
30600	1563
30605	1563
30610	1563
30615	1563
30620	1563
30625	1563
30630	1563
30635	1563
30640	1563
30645	1563
30650	1564
30655	1565
30660	1567
30665	1568
30670	1569
30675	1569
30680	1569
30685	1569
30690	1569
30695	1569
30700	1569
30705	1569
30710	1569
30715	1569
30720	1569
30725	1569
30730	1569
30735	1569
30740	1569
30745	1569
30750	1569
30755	1569
30760	1569
30765	1569
30770	1569
30775	1569
30780	1570
30785	1570
30790	1570
30795	1570
30800	1570
30805	1570
30810	1570
30815	1570
30820	1570
30825	1570
30830	1570
30835	1570
30840	1570
30845	1570
30850	1570
30855	1570
30860	1570
30865	1570
30870	1570
30875	1570
30880	1571
30885	1571
30890	1571
30895	1571
30900	1571
30905	1571
30910	1571
30915	1571
30920	1571
30925	1572
30930	1572
30935	1572
30940	1572
30945	1572
30950	1572
30955	1572
30960	1573
30965	1573
30970	1573
30975	1573
30980	1573
30985	1573
30990	1573
30995	1573
31000	1573
31005	1573
31010	1573
31015	1575
31020	1576
31025	1577
31030	1577
31035	1577
31040	1577
31045	1577
31050	1577
31055	1579
31060	1579
31065	1579
31070	1583
31075	1583
31080	1583
31085	1583
31090	1583
31095	1583
31100	1583
31105	1583
31110	1583
31115	1583
31120	1583
31125	1583
31130	1583
31135	1584
31140	1584
31145	1584
31150	1584
31155	1584
31160	1584
31165	1584
31170	1584
31175	1584
31180	1584
31185	1585
31190	1585
31195	1586
31200	1586
31205	1586
31210	1586
31215	1586
31220	1586
31225	1586
31230	1586
31235	1586
31240	1586
31245	1586
31250	1586
31255	1586
31260	1586
31265	1586
31270	1586
31275	1586
31280	1586
31285	1586
31290	1586
31295	1586
31300	1586
31305	1586
31310	1586
31315	1586
31320	1588
31325	1589
31330	1590
31335	1590
31340	1591
31345	1591
31350	1591
31355	1591
31360	1591
31365	1591
31370	1591
31375	1591
31380	1591
31385	1591
31390	1591
31395	1591
31400	1593
31405	1593
31410	1593
31415	1593
31420	1593
31425	1593
31430	1593
31435	1593
31440	1593
31445	1594
31450	1595
31455	1597
31460	1598
31465	1598
31470	1598
31475	1598
31480	1598
31485	1598
31490	1598
31495	1598
31500	1598
31505	1598
31510	1600
31515	1600
31520	1600
31525	1600
31530	1600
31535	1600
31540	1600
31545	1600
31550	1600
31555	1601
31560	1601
31565	1601
31570	1601
31575	1602
31580	1604
31585	1605
31590	1607
31595	1608
31600	1610
31605	1612
31610	1612
31615	1612
31620	1612
31625	1612
31630	1612
31635	1616
31640	1618
31645	1619
31650	1620
31655	1620
31660	1621
31665	1622
31670	1624
31675	1626
31680	1627
31685	1627
31690	1627
31695	1627
31700	1627
31705	1627
31710	1627
31715	1627
31720	1627
31725	1627
31730	1627
31735	1627
31740	1627
31745	1627
31750	1627
31755	1627
31760	1627
31765	1627
31770	1627
31775	1627
31780	1627
31785	1627
31790	1627
31795	1627
31800	1627
31805	1627
31810	1627
31815	1627
31820	1627
31825	1628
31830	1628
31835	1628
31840	1630
31845	1630
31850	1631
31855	1631
31860	1631
31865	1633
31870	1634
31875	1634
31880	1634
31885	1634
31890	1634
31895	1634
31900	1634
31905	1634
31910	1634
31915	1634
31920	1634
31925	1634
31930	1634
31935	1634
31940	1634
31945	1636
31950	1638
31955	1640
31960	1642
31965	1643
31970	1643
31975	1643
31980	1643
31985	1643
31990	1643
31995	1644
32000	1645
32005	1645
32010	1645
32015	1647
32020	1647
32025	1647
32030	1647
32035	1647
32040	1647
32045	1647
32050	1648
32055	1648
32060	1649
32065	1649
32070	1649
32075	1649
32080	1649
32085	1649
32090	1649
32095	1649
32100	1650
32105	1651
32110	1652
32115	1652
32120	1652
32125	1652
32130	1652
32135	1652
32140	1652
32145	1652
32150	1652
32155	1652
32160	1652
32165	1652
32170	1652
32175	1652
32180	1652
32185	1652
32190	1652
32195	1653
32200	1653
32205	1653
32210	1653
32215	1653
32220	1653
32225	1653
32230	1653
32235	1653
32240	1653
32245	1653
32250	1653
32255	1653
32260	1653
32265	1653
32270	1653
32275	1653
32280	1653
32285	1653
32290	1653
32295	1653
32300	1653
32305	1653
32310	1653
32315	1653
32320	1653
32325	1653
32330	1653
32335	1653
32340	1653
32345	1653
32350	1653
32355	1653
32360	1653
32365	1653
32370	1653
32375	1653
32380	1653
32385	1653
32390	1653
32395	1655
32400	1657
32405	1659
32410	1659
32415	1660
32420	1662
32425	1663
32430	1664
32435	1664
32440	1664
32445	1664
32450	1664
32455	1665
32460	1666
32465	1666
32470	1666
32475	1666
32480	1666
32485	1666
32490	1666
32495	1666
32500	1666
32505	1666
32510	1666
32515	1666
32520	1666
32525	1666
32530	1666
32535	1666
32540	1667
32545	1667
32550	1667
32555	1667
32560	1667
32565	1667
32570	1667
32575	1667
32580	1667
32585	1667
32590	1667
32595	1667
32600	1667
32605	1667
32610	1667
32615	1667
32620	1667
32625	1667
32630	1667
32635	1667
32640	1667
32645	1667
32650	1667
32655	1667
32660	1667
32665	1667
32670	1667
32675	1667
32680	1667
32685	1667
32690	1667
32695	1667
32700	1667
32705	1667
32710	1667
32715	1667
32720	1667
32725	1667
32730	1667
32735	1667
32740	1667
32745	1669
32750	1670
32755	1672
32760	1674
32765	1674
32770	1675
32775	1676
32780	1677
32785	1677
32790	1677
32795	1677
32800	1677
32805	1677
32810	1677
32815	1677
32820	1679
32825	1680
32830	1681
32835	1681
32840	1681
32845	1681
32850	1681
32855	1683
32860	1685
32865	1685
32870	1685
32875	1685
32880	1685
32885	1685
32890	1685
32895	1685
32900	1685
32905	1685
32910	1685
32915	1685
32920	1685
32925	1685
32930	1685
32935	1685
32940	1685
32945	1687
32950	1688
32955	1688
32960	1688
32965	1690
32970	1692
32975	1693
32980	1694
32985	1694
32990	1694
32995	1694
33000	1694
33005	1695
33010	1695
33015	1695
33020	1695
33025	1695
33030	1695
33035	1695
33040	1696
33045	1698
33050	1700
33055	1700
33060	1700
33065	1700
33070	1700
33075	1700
33080	1700
33085	1700
33090	1700
33095	1700
33100	1701
33105	1703
33110	1705
33115	1707
33120	1708
33125	1708
33130	1708
33135	1708
33140	1708
33145	1708
33150	1708
33155	1708
33160	1708
33165	1708
33170	1708
33175	1708
33180	1708
33185	1708
33190	1708
33195	1708
33200	1708
33205	1708
33210	1708
33215	1708
33220	1709
33225	1709
33230	1709
33235	1709
33240	1709
33245	1709
33250	1709
33255	1709
33260	1709
33265	1709
33270	1709
33275	1709
33280	1709
33285	1709
33290	1709
33295	1709
33300	1709
33305	1709
33310	1709
33315	1709
33320	1709
33325	1709
33330	1709
33335	1709
33340	1709
33345	1709
33350	1709
33355	1709
33360	1709
33365	1709
33370	1709
33375	1709
33380	1709
33385	1710
33390	1710
33395	1710
33400	1710
33405	1710
33410	1710
33415	1710
33420	1710
33425	1710
33430	1710
33435	1710
33440	1710
33445	1710
33450	1710
33455	1710
33460	1710
33465	1710
33470	1710
33475	1710
33480	1710
33485	1710
33490	1710
33495	1710
33500	1710
33505	1711
33510	1711
33515	1711
33520	1711
33525	1712
33530	1712
33535	1712
33540	1712
33545	1714
33550	1715
33555	1716
33560	1716
33565	1716
33570	1716
33575	1716
33580	1716
33585	1716
33590	1716
33595	1716
33600	1716
33605	1716
33610	1716
33615	1716
33620	1716
33625	1717
33630	1717
33635	1717
33640	1718
33645	1719
33650	1719
33655	1719
33660	1719
33665	1719
33670	1719
33675	1719
33680	1719
33685	1719
33690	1719
33695	1719
33700	1719
33705	1719
33710	1719
33715	1719
33720	1719
33725	1719
33730	1719
33735	1719
33740	1719
33745	1719
33750	1719
33755	1719
33760	1719
33765	1719
33770	1719
33775	1719
33780	1719
33785	1719
33790	1719
33795	1719
33800	1719
33805	1719
33810	1719
33815	1719
33820	1719
33825	1720
33830	1722
33835	1723
33840	1726
33845	1727
33850	1727
33855	1727
33860	1727
33865	1727
33870	1727
33875	1727
33880	1727
33885	1727
33890	1727
33895	1727
33900	1727
33905	1727
33910	1727
33915	1734
33920	1734
33925	1734
33930	1734
33935	1734
33940	1734
33945	1734
33950	1734
33955	1734
33960	1734
33965	1734
33970	1734
33975	1734
33980	1734
33985	1734
33990	1734
33995	1735
34000	1736
34005	1736
34010	1736
34015	1736
34020	1736
34025	1736
34030	1736
34035	1736
34040	1736
34045	1736
34050	1736
34055	1737
34060	1737
34065	1737
34070	1737
34075	1737
34080	1737
34085	1737
34090	1737
34095	1737
34100	1737
34105	1737
34110	1737
34115	1737
34120	1737
34125	1737
34130	1737
34135	1738
34140	1738
34145	1738
34150	1738
34155	1738
34160	1738
34165	1738
34170	1738
34175	1738
34180	1738
34185	1738
34190	1738
34195	1738
34200	1738
34205	1738
34210	1739
34215	1739
34220	1739
34225	1739
34230	1739
34235	1740
34240	1741
34245	1741
34250	1741
34255	1741
34260	1741
34265	1742
34270	1742
34275	1742
34280	1742
34285	1742
34290	1742
34295	1742
34300	1742
34305	1742
34310	1742
34315	1742
34320	1744
34325	1745
34330	1745
34335	1745
34340	1745
34345	1745
34350	1745
34355	1745
34360	1745
34365	1745
34370	1745
34375	1747
34380	1747
34385	1747
34390	1747
34395	1747
34400	1748
34405	1748
34410	1748
34415	1750
34420	1752
34425	1754
34430	1756
34435	1756
34440	1756
34445	1757
34450	1757
34455	1757
34460	1757
34465	1757
34470	1757
34475	1757
34480	1757
34485	1757
34490	1757
34495	1757
34500	1757
34505	1758
34510	1758
34515	1758
34520	1758
34525	1758
34530	1758
34535	1758
34540	1758
34545	1758
34550	1758
34555	1758
34560	1758
34565	1758
34570	1758
34575	1758
34580	1758
34585	1758
34590	1758
34595	1758
34600	1758
34605	1758
34610	1758
34615	1759
34620	1759
34625	1759
34630	1759
34635	1759
34640	1759
34645	1759
34650	1759
34655	1759
34660	1759
34665	1759
34670	1759
34675	1759
34680	1759
34685	1759
34690	1760
34695	1760
34700	1760
34705	1760
34710	1760
34715	1760
34720	1760
34725	1760
34730	1761
34735	1761
34740	1761
34745	1762
34750	1762
34755	1762
34760	1762
34765	1762
34770	1762
34775	1762
34780	1762
34785	1762
34790	1762
34795	1762
34800	1763
34805	1764
34810	1765
34815	1765
34820	1765
34825	1765
34830	1766
34835	1766
34840	1766
34845	1766
34850	1766
34855	1766
34860	1766
34865	1766
34870	1766
34875	1766
34880	1767
34885	1770
34890	1772
34895	1772
34900	1772
34905	1772
34910	1772
34915	1772
34920	1773
34925	1774
34930	1776
34935	1776
34940	1776
34945	1776
34950	1776
34955	1776
34960	1776
34965	1776
34970	1776
34975	1776
34980	1776
34985	1776
34990	1776
34995	1777
35000	1777
35005	1778
35010	1778
35015	1778
35020	1779
35025	1781
35030	1781
35035	1781
35040	1781
35045	1781
35050	1782
35055	1782
35060	1782
35065	1782
35070	1782
35075	1782
35080	1782
35085	1782
35090	1782
35095	1782
35100	1782
35105	1782
35110	1782
35115	1782
35120	1782
35125	1784
35130	1786
35135	1787
35140	1789
35145	1790
35150	1790
35155	1790
35160	1790
35165	1790
35170	1790
35175	1790
35180	1790
35185	1790
35190	1790
35195	1790
35200	1790
35205	1790
35210	1790
35215	1790
35220	1790
35225	1790
35230	1790
35235	1790
35240	1790
35245	1790
35250	1790
35255	1790
35260	1791
35265	1791
35270	1792
35275	1792
35280	1792
35285	1792
35290	1792
35295	1792
35300	1793
35305	1793
35310	1795
35315	1797
35320	1797
35325	1797
35330	1797
35335	1797
35340	1797
35345	1797
35350	1797
35355	1797
35360	1797
35365	1797
35370	1797
35375	1797
35380	1797
35385	1797
35390	1797
35395	1799
35400	1800
35405	1801
35410	1801
35415	1801
35420	1801
35425	1801
35430	1801
35435	1801
35440	1801
35445	1802
35450	1804
35455	1804
35460	1804
35465	1804
35470	1804
35475	1804
35480	1804
35485	1804
35490	1804
35495	1804
35500	1805
35505	1805
35510	1805
35515	1806
35520	1807
35525	1807
35530	1807
35535	1807
35540	1807
35545	1807
35550	1807
35555	1807
35560	1808
35565	1808
35570	1808
35575	1808
35580	1808
35585	1808
35590	1808
35595	1808
35600	1808
35605	1808
35610	1808
35615	1808
35620	1808
35625	1808
35630	1808
35635	1808
35640	1808
35645	1808
35650	1808
35655	1808
35660	1808
35665	1808
35670	1808
35675	1808
35680	1808
35685	1808
35690	1808
35695	1808
35700	1808
35705	1808
35710	1808
35715	1808
35720	1808
35725	1808
35730	1808
35735	1808
35740	1808
35745	1808
35750	1808
35755	1808
35760	1808
35765	1808
35770	1808
35775	1808
35780	1808
35785	1808
35790	1808
35795	1808
35800	1809
35805	1810
35810	1810
35815	1812
35820	1812
35825	1812
35830	1812
35835	1812
35840	1812
35845	1812
35850	1812
35855	1812
35860	1812
35865	1812
35870	1812
35875	1812
35880	1812
35885	1812
35890	1812
35895	1812
35900	1812
35905	1812
35910	1812
35915	1812
35920	1812
35925	1812
35930	1812
35935	1812
35940	1812
35945	1812
35950	1812
35955	1812
35960	1812
35965	1812
35970	1812
35975	1813
35980	1813
35985	1813
35990	1813
35995	1813
36000	1813
36005	1813
36010	1813
36015	1813
36020	1814
36025	1814
36030	1814
36035	1814
36040	1814
36045	1814
36050	1814
36055	1814
36060	1814
36065	1814
36070	1814
36075	1814
36080	1814
36085	1814
36090	1814
36095	1814
36100	1814
36105	1814
36110	1814
36115	1814
36120	1815
36125	1816
36130	1816
36135	1816
36140	1817
36145	1817
36150	1819
36155	1821
36160	1821
36165	1821
36170	1821
36175	1822
36180	1822
36185	1822
36190	1823
36195	1824
36200	1824
36205	1824
36210	1824
36215	1824
36220	1824
36225	1824
36230	1824
36235	1824
36240	1824
36245	1824
36250	1824
36255	1825
36260	1825
36265	1825
36270	1825
36275	1825
36280	1825
36285	1825
36290	1825
36295	1825
36300	1827
36305	1828
36310	1828
36315	1828
36320	1828
36325	1828
36330	1828
36335	1828
36340	1828
36345	1828
36350	1828
36355	1828
36360	1828
36365	1828
36370	1828
36375	1828
36380	1828
36385	1828
36390	1828
36395	1828
36400	1830
36405	1830
36410	1830
36415	1830
36420	1830
36425	1832
36430	1834
36435	1834
36440	1836
36445	1837
36450	1839
36455	1840
36460	1840
36465	1840
36470	1840
36475	1840
36480	1840
36485	1840
36490	1840
36495	1842
36500	1843
36505	1843
36510	1843
36515	1843
36520	1843
36525	1843
36530	1843
36535	1843
36540	1843
36545	1843
36550	1843
36555	1843
36560	1843
36565	1843
36570	1843
36575	1843
36580	1843
36585	1843
36590	1843
36595	1843
36600	1843
36605	1843
36610	1843
36615	1843
36620	1843
36625	1843
36630	1843
36635	1843
36640	1843
36645	1843
36650	1843
36655	1843
36660	1843
36665	1843
36670	1843
36675	1843
36680	1843
36685	1843
36690	1843
36695	1843
36700	1843
36705	1843
36710	1843
36715	1843
36720	1843
36725	1843
36730	1843
36735	1843
36740	1843
36745	1843
36750	1843
36755	1843
36760	1843
36765	1843
36770	1844
36775	1844
36780	1846
36785	1846
36790	1846
36795	1846
36800	1846
36805	1846
36810	1846
36815	1846
36820	1846
36825	1846
36830	1846
36835	1846
36840	1846
36845	1847
36850	1849
36855	1850
36860	1850
36865	1850
36870	1850
36875	1850
36880	1850
36885	1850
36890	1850
36895	1850
36900	1850
36905	1850
36910	1850
36915	1850
36920	1850
36925	1850
36930	1850
36935	1850
36940	1850
36945	1850
36950	1850
36955	1850
36960	1850
36965	1851
36970	1851
36975	1851
36980	1851
36985	1851
36990	1851
36995	1851
37000	1851
37005	1851
37010	1851
37015	1851
37020	1851
37025	1851
37030	1851
37035	1851
37040	1851
37045	1851
37050	1851
37055	1851
37060	1851
37065	1851
37070	1851
37075	1851
37080	1851
37085	1851
37090	1851
37095	1851
37100	1851
37105	1851
37110	1851
37115	1851
37120	1851
37125	1851
37130	1851
37135	1851
37140	1851
37145	1851
37150	1851
37155	1851
37160	1851
37165	1851
37170	1851
37175	1851
37180	1851
37185	1851
37190	1851
37195	1851
37200	1851
37205	1851
37210	1851
37215	1851
37220	1851
37225	1851
37230	1851
37235	1851
37240	1852
37245	1852
37250	1852
37255	1852
37260	1852
37265	1852
37270	1852
37275	1852
37280	1853
37285	1853
37290	1855
37295	1855
37300	1855
37305	1855
37310	1855
37315	1855
37320	1855
37325	1855
37330	1855
37335	1855
37340	1855
37345	1855
37350	1855
37355	1855
37360	1855
37365	1855
37370	1855
37375	1855
37380	1855
37385	1855
37390	1855
37395	1855
37400	1855
37405	1855
37410	1855
37415	1855
37420	1855
37425	1855
37430	1855
37435	1855
37440	1855
37445	1855
37450	1855
37455	1855
37460	1855
37465	1855
37470	1855
37475	1855
37480	1855
37485	1855
37490	1855
37495	1855
37500	1855
37505	1855
37510	1855
37515	1856
37520	1856
37525	1856
37530	1856
37535	1856
37540	1856
37545	1856
37550	1856
37555	1856
37560	1856
37565	1856
37570	1857
37575	1858
37580	1858
37585	1860
37590	1862
37595	1862
37600	1862
37605	1862
37610	1862
37615	1862
37620	1862
37625	1863
37630	1863
37635	1863
37640	1863
37645	1863
37650	1863
37655	1863
37660	1863
37665	1863
37670	1863
37675	1863
37680	1863
37685	1863
37690	1863
37695	1863
37700	1863
37705	1864
37710	1864
37715	1864
37720	1864
37725	1864
37730	1864
37735	1864
37740	1864
37745	1864
37750	1864
37755	1864
37760	1864
37765	1864
37770	1864
37775	1864
37780	1864
37785	1864
37790	1864
37795	1865
37800	1865
37805	1865
37810	1865
37815	1865
37820	1865
37825	1865
37830	1865
37835	1867
37840	1867
37845	1867
37850	1867
37855	1867
37860	1867
37865	1867
37870	1867
37875	1867
37880	1867
37885	1867
37890	1868
37895	1870
37900	1871
37905	1871
37910	1872
37915	1872
37920	1872
37925	1872
37930	1872
37935	1872
37940	1872
37945	1872
37950	1872
37955	1872
37960	1872
37965	1874
37970	1875
37975	1876
37980	1876
37985	1876
37990	1876
37995	1876
38000	1876
38005	1876
38010	1876
38015	1877
38020	1878
38025	1878
38030	1878
38035	1878
38040	1878
38045	1878
38050	1878
38055	1878
38060	1878
38065	1878
38070	1878
38075	1878
38080	1878
38085	1878
38090	1878
38095	1878
38100	1878
38105	1879
38110	1880
38115	1882
38120	1885
38125	1886
38130	1889
38135	1890
38140	1890
38145	1890
38150	1890
38155	1890
38160	1890
38165	1890
38170	1890
38175	1890
38180	1890
38185	1890
38190	1890
38195	1890
38200	1890
38205	1891
38210	1891
38215	1891
38220	1891
38225	1891
38230	1892
38235	1892
38240	1892
38245	1892
38250	1892
38255	1892
38260	1892
38265	1892
38270	1892
38275	1892
38280	1892
38285	1892
38290	1892
38295	1892
38300	1892
38305	1892
38310	1893
38315	1893
38320	1893
38325	1893
38330	1894
38335	1895
38340	1895
38345	1895
38350	1895
38355	1895
38360	1895
38365	1895
38370	1895
38375	1895
38380	1895
38385	1895
38390	1895
38395	1895
38400	1895
38405	1896
38410	1897
38415	1898
38420	1898
38425	1898
38430	1899
38435	1899
38440	1899
38445	1901
38450	1901
38455	1902
38460	1903
38465	1903
38470	1903
38475	1903
38480	1903
38485	1904
38490	1905
38495	1907
38500	1909
38505	1911
38510	1911
38515	1911
38520	1911
38525	1911
38530	1912
38535	1912
38540	1912
38545	1913
38550	1914
38555	1915
38560	1915
38565	1915
38570	1915
38575	1915
38580	1915
38585	1915
38590	1915
38595	1915
38600	1915
38605	1916
38610	1916
38615	1916
38620	1916
38625	1916
38630	1916
38635	1916
38640	1916
38645	1916
38650	1916
38655	1916
38660	1916
38665	1916
38670	1916
38675	1916
38680	1916
38685	1916
38690	1916
38695	1919
38700	1921
38705	1921
38710	1921
38715	1921
38720	1921
38725	1921
38730	1922
38735	1924
38740	1925
38745	1925
38750	1925
38755	1925
38760	1925
38765	1925
38770	1925
38775	1925
38780	1927
38785	1928
38790	1928
38795	1928
38800	1929
38805	1929
38810	1929
38815	1929
38820	1929
38825	1929
38830	1929
38835	1929
38840	1929
38845	1929
38850	1929
38855	1929
38860	1929
38865	1929
38870	1929
38875	1929
38880	1930
38885	1930
38890	1930
38895	1930
38900	1930
38905	1930
38910	1931
38915	1931
38920	1931
38925	1931
38930	1931
38935	1932
38940	1932
38945	1932
38950	1932
38955	1932
38960	1932
38965	1932
38970	1933
38975	1933
38980	1933
38985	1933
38990	1933
38995	1933
39000	1933
39005	1933
39010	1933
39015	1933
39020	1933
39025	1934
39030	1936
39035	1936
39040	1936
39045	1936
39050	1936
39055	1936
39060	1936
39065	1938
39070	1939
39075	1939
39080	1939
39085	1940
39090	1940
39095	1940
39100	1940
39105	1941
39110	1943
39115	1943
39120	1943
39125	1943
39130	1943
39135	1943
39140	1943
39145	1943
39150	1943
39155	1943
39160	1943
39165	1943
39170	1943
39175	1943
39180	1943
39185	1943
39190	1943
39195	1943
39200	1943
39205	1943
39210	1944
39215	1944
39220	1944
39225	1944
39230	1946
39235	1948
39240	1949
39245	1950
39250	1950
39255	1950
39260	1950
39265	1950
39270	1950
39275	1952
39280	1954
39285	1956
39290	1957
39295	1957
39300	1957
39305	1957
39310	1957
39315	1957
39320	1957
39325	1957
39330	1957
39335	1957
39340	1957
39345	1957
39350	1957
39355	1957
39360	1957
39365	1957
39370	1957
39375	1957
39380	1957
39385	1957
39390	1957
39395	1958
39400	1960
39405	1960
39410	1960
39415	1960
39420	1960
39425	1960
39430	1960
39435	1960
39440	1960
39445	1960
39450	1960
39455	1960
39460	1960
39465	1960
39470	1960
39475	1960
39480	1960
39485	1962
39490	1962
39495	1962
39500	1962
39505	1962
39510	1962
39515	1962
39520	1962
39525	1963
39530	1963
39535	1963
39540	1963
39545	1963
39550	1963
39555	1963
39560	1963
39565	1964
39570	1964
39575	1964
39580	1964
39585	1964
39590	1964
39595	1964
39600	1964
39605	1964
39610	1964
39615	1964
39620	1964
39625	1964
39630	1964
39635	1964
39640	1964
39645	1964
39650	1965
39655	1966
39660	1968
39665	1970
39670	1970
39675	1971
39680	1974
39685	1975
39690	1977
39695	1977
39700	1977
39705	1977
39710	1978
39715	1978
39720	1978
39725	1978
39730	1978
39735	1978
39740	1978
39745	1978
39750	1979
39755	1981
39760	1981
39765	1981
39770	1981
39775	1981
39780	1981
39785	1981
39790	1981
39795	1981
39800	1981
39805	1981
39810	1981
39815	1981
39820	1981
39825	1981
39830	1981
39835	1981
39840	1981
39845	1981
39850	1981
39855	1981
39860	1981
39865	1982
39870	1982
39875	1982
39880	1982
39885	1982
39890	1983
39895	1985
39900	1986
39905	1986
39910	1986
39915	1987
39920	1987
39925	1987
39930	1987
39935	1988
39940	1989
39945	1989
39950	1989
39955	1989
39960	1989
39965	1989
39970	1989
39975	1990
39980	1990
39985	1990
39990	1990
39995	1990
40000	1990
40005	1990
40010	1991
40015	1992
40020	1992
40025	1992
40030	1992
40035	1992
40040	1992
40045	1992
40050	1992
40055	1992
40060	1992
40065	1992
40070	1992
40075	1992
40080	1994
40085	1994
40090	1994
40095	1994
40100	1994
40105	1994
40110	1994
40115	1994
40120	1994
40125	1994
40130	1994
40135	1994
40140	1994
40145	1994
40150	1994
40155	1997
40160	1997
40165	1997
40170	1997
40175	1997
40180	1997
40185	1997
40190	1997
40195	1997
40200	1997
40205	1997
40210	1997
40215	1999
40220	2001
40225	2004
40230	2007
40235	2008
40240	2008
40245	2008
40250	2008
40255	2008
40260	2008
40265	2008
40270	2009
40275	2009
40280	2009
40285	2009
40290	2009
40295	2009
40300	2009
40305	2009
40310	2009
40315	2009
40320	2009
40325	2009
40330	2009
40335	2010
40340	2010
40345	2011
40350	2012
40355	2012
40360	2012
40365	2012
40370	2012
40375	2012
40380	2012
40385	2012
40390	2012
40395	2012
40400	2012
40405	2012
40410	2012
40415	2012
40420	2012
40425	2012
40430	2012
40435	2012
40440	2012
40445	2012
40450	2012
40455	2012
40460	2012
40465	2012
40470	2012
40475	2012
40480	2012
40485	2012
40490	2012
40495	2013
40500	2014
40505	2016
40510	2018
40515	2018
40520	2018
40525	2018
40530	2018
40535	2018
40540	2018
40545	2018
40550	2018
40555	2018
40560	2018
40565	2018
40570	2018
40575	2018
40580	2018
40585	2018
40590	2018
40595	2018
40600	2018
40605	2018
40610	2018
40615	2018
40620	2018
40625	2018
40630	2018
40635	2018
40640	2019
40645	2019
40650	2021
40655	2022
40660	2023
40665	2023
40670	2023
40675	2024
40680	2025
40685	2025
40690	2025
40695	2025
40700	2026
40705	2026
40710	2026
40715	2027
40720	2027
40725	2027
40730	2027
40735	2027
40740	2027
40745	2027
40750	2027
40755	2027
40760	2027
40765	2027
40770	2027
40775	2027
40780	2027
40785	2027
40790	2027
40795	2027
40800	2027
40805	2027
40810	2027
40815	2028
40820	2028
40825	2028
40830	2029
40835	2029
40840	2029
40845	2029
40850	2029
40855	2029
40860	2029
40865	2029
40870	2029
40875	2029
40880	2029
40885	2029
40890	2029
40895	2029
40900	2029
40905	2029
40910	2029
40915	2029
40920	2029
40925	2029
40930	2029
40935	2029
40940	2029
40945	2029
40950	2029
40955	2029
40960	2029
40965	2029
40970	2029
40975	2029
40980	2029
40985	2029
40990	2031
40995	2032
41000	2032
41005	2032
41010	2032
41015	2032
41020	2032
41025	2032
41030	2032
41035	2033
41040	2033
41045	2034
41050	2036
41055	2036
41060	2036
41065	2036
41070	2036
41075	2036
41080	2036
41085	2036
41090	2036
41095	2036
41100	2038
41105	2038
41110	2038
41115	2038
41120	2038
41125	2038
41130	2038
41135	2038
41140	2038
41145	2038
41150	2038
41155	2038
41160	2038
41165	2038
41170	2038
41175	2038
41180	2038
41185	2038
41190	2039
41195	2039
41200	2039
41205	2039
41210	2039
41215	2039
41220	2039
41225	2039
41230	2039
41235	2039
41240	2039
41245	2040
41250	2040
41255	2040
41260	2040
41265	2040
41270	2040
41275	2040
41280	2041
41285	2042
41290	2043
41295	2043
41300	2043
41305	2043
41310	2043
41315	2043
41320	2043
41325	2043
41330	2043
41335	2045
41340	2046
41345	2047
41350	2047
41355	2047
41360	2047
41365	2047
41370	2048
41375	2050
41380	2050
41385	2050
41390	2051
41395	2051
41400	2051
41405	2051
41410	2051
41415	2051
41420	2051
41425	2051
41430	2051
41435	2051
41440	2051
41445	2051
41450	2051
41455	2051
41460	2051
41465	2051
41470	2051
41475	2051
41480	2051
41485	2051
41490	2051
41495	2051
41500	2051
41505	2051
41510	2051
41515	2051
41520	2051
41525	2052
41530	2053
41535	2053
41540	2053
41545	2053
41550	2053
41555	2053
41560	2053
41565	2053
41570	2053
41575	2053
41580	2053
41585	2053
41590	2053
41595	2053
41600	2054
41605	2054
41610	2054
41615	2054
41620	2054
41625	2054
41630	2054
41635	2054
41640	2054
41645	2054
41650	2055
41655	2055
41660	2055
41665	2055
41670	2055
41675	2055
41680	2056
41685	2056
41690	2056
41695	2057
41700	2059
41705	2059
41710	2059
41715	2060
41720	2061
41725	2061
41730	2061
41735	2062
41740	2064
41745	2065
41750	2066
41755	2067
41760	2068
41765	2068
41770	2068
41775	2068
41780	2068
41785	2068
41790	2068
41795	2068
41800	2069
41805	2069
41810	2069
41815	2069
41820	2070
41825	2070
41830	2070
41835	2070
41840	2070
41845	2070
41850	2070
41855	2070
41860	2070
41865	2070
41870	2070
41875	2070
41880	2070
41885	2070
41890	2070
41895	2070
41900	2070
41905	2071
41910	2071
41915	2071
41920	2071
41925	2071
41930	2072
41935	2073
41940	2073
41945	2073
41950	2073
41955	2074
41960	2075
41965	2077
41970	2077
41975	2077
41980	2077
41985	2077
41990	2077
41995	2077
42000	2077
42005	2077
42010	2077
42015	2079
42020	2080
42025	2081
42030	2081
42035	2081
42040	2081
42045	2081
42050	2081
42055	2082
42060	2083
42065	2083
42070	2083
42075	2083
42080	2083
42085	2083
42090	2083
42095	2083
42100	2084
42105	2085
42110	2085
42115	2085
42120	2085
42125	2085
42130	2085
42135	2085
42140	2085
42145	2086
42150	2088
42155	2092
42160	2093
42165	2093
42170	2094
42175	2094
42180	2101
42185	2102
42190	2103
42195	2103
42200	2103
42205	2103
42210	2103
42215	2103
42220	2103
42225	2103
42230	2103
42235	2103
42240	2103
42245	2103
42250	2105
42255	2106
42260	2106
42265	2106
42270	2106
42275	2106
42280	2106
42285	2106
42290	2106
42295	2106
42300	2106
42305	2106
42310	2106
42315	2106
42320	2106
42325	2106
42330	2106
42335	2106
42340	2106
42345	2106
42350	2107
42355	2107
42360	2107
42365	2107
42370	2107
42375	2107
42380	2107
42385	2107
42390	2107
42395	2107
42400	2107
42405	2107
42410	2107
42415	2107
42420	2107
42425	2107
42430	2107
42435	2109
42440	2111
42445	2113
42450	2114
42455	2114
42460	2114
42465	2114
42470	2114
42475	2114
42480	2114
42485	2114
42490	2114
42495	2114
42500	2117
42505	2118
42510	2118
42515	2118
42520	2118
42525	2118
42530	2118
42535	2118
42540	2118
42545	2118
42550	2118
42555	2118
42560	2118
42565	2118
42570	2118
42575	2118
42580	2118
42585	2118
42590	2118
42595	2118
42600	2119
42605	2119
42610	2119
